nep3 2 H O 
cutoff 8 6 242 109
n_max 8 8
basis_size 8 8
l_max 4 2 1
ANN 50 0
  2.3088386e+00
 -4.0718439e-01
  1.5552250e-01
 -4.6682495e-01
  1.2378225e+00
  1.4192562e+00
  3.1527632e-01
  2.0992400e-01
 -1.0376900e-01
  5.8363324e-01
 -1.1622730e-01
  2.6570570e-01
  1.8998543e-02
  6.0493749e-01
  4.7991443e-01
  1.7191792e-01
  4.0858024e-01
 -7.5523250e-02
  3.6737457e-01
 -6.1745822e-02
  4.8565965e-02
 -2.2128135e-02
  3.8240141e-01
  5.1408153e-02
 -2.5324529e-02
  6.9633269e-01
  3.9310277e-01
 -1.2061398e-01
 -3.6470252e-03
 -7.0475422e-02
 -6.8311341e-02
 -4.1820449e-01
 -7.9372391e-02
  5.5802840e-01
  5.2587658e-01
  4.3370196e-01
 -1.6576809e-01
 -3.8995475e-03
  3.4504078e-02
  5.8071685e-01
  4.0240690e-01
 -3.7561890e-01
 -1.1631154e-01
  7.4797159e-01
  9.3473858e-01
 -2.5151691e-01
 -1.4718917e-04
  4.0941718e-03
 -5.1750872e-02
 -6.1260033e-01
 -1.4848952e-01
 -8.4073432e-03
 -8.0068178e-02
  9.7046211e-02
  7.6129534e-03
  2.3876147e-03
  4.7693886e-02
 -9.1072962e-02
  1.3345157e-02
 -1.4363104e-01
  4.3114405e-02
  1.5595901e-01
 -6.4261950e-04
 -1.2410175e-01
 -6.9721423e-02
  7.8319442e-01
  4.8809299e-01
  1.2461090e-02
  5.8353627e-01
  2.8982702e-01
 -4.2099882e-02
 -1.1302348e-01
 -5.6934851e-01
 -3.2445312e-02
  1.9758056e-01
  8.8090640e-01
  8.6129919e-02
 -3.6314708e-01
 -1.0882926e+00
  4.1720322e-01
 -4.2916584e-01
 -6.1359680e-01
  2.6622133e-02
  4.5823389e-01
  1.5951576e-02
  7.4939781e-01
 -8.2207310e-01
 -2.2565281e-02
  3.2264179e-01
 -9.3707544e-01
 -1.5341871e+00
 -2.7856553e-01
  1.4898858e+00
  1.2491820e-01
  6.1814591e-02
 -1.0422406e+00
 -2.3677593e-01
 -6.7183357e-01
 -3.0172551e-01
 -8.6821836e-01
 -1.7124851e-01
  6.8172657e-01
  1.6219305e-01
 -3.0120409e-03
 -1.4673768e+00
 -1.0233277e-02
 -3.1711183e-02
 -1.1384512e-02
  1.0364924e-02
 -6.5956369e-02
 -4.8725569e-01
 -1.3944523e-01
 -2.6468253e-02
  4.3539740e-02
  1.9830560e-02
  1.4317296e-01
  8.2396656e-02
  2.3879018e-02
 -8.9232601e-02
  1.8092182e-02
  3.3098313e-01
 -6.0704853e-02
 -3.3571523e-02
  1.1003121e-02
  2.7584010e-01
 -3.3527467e-01
  1.5679969e+00
 -2.3633346e-02
  5.7283547e-02
 -1.5617232e-01
 -2.9856548e-02
 -3.3962715e-02
 -7.4546166e-02
 -2.4395455e-02
  2.6072120e-02
 -1.4056825e-02
  2.8412487e-02
  4.0041622e-02
  5.1717937e-02
 -5.7545155e-02
 -7.5891890e-02
 -1.5738737e-02
 -7.6299138e-02
 -5.1965094e-03
 -5.7515793e-02
 -1.4501108e-01
  5.1443473e-02
  2.9086368e-03
  2.4447331e-02
  7.8321032e-02
  4.1676491e-02
  1.8278024e-01
 -2.1389037e-02
 -1.0402776e-01
 -3.6357593e-02
  1.0454200e-02
 -5.7800133e-02
 -9.0836678e-03
  1.1357127e-02
 -7.0606798e-02
  8.6069107e-02
  1.7377678e-02
 -2.5472499e-02
 -3.7692845e-02
 -2.7080262e-02
  1.7236894e-01
 -8.4762564e-03
  3.4570690e-02
  5.8958795e-02
  4.7466069e-02
  2.4627132e-02
  6.7662089e-03
  1.4396055e-04
 -4.2538028e-02
 -5.7286434e-02
 -3.2269429e-02
 -4.0820320e-03
 -7.8311734e-02
  5.2484009e-02
 -3.8769292e-03
  1.0410279e-01
  1.8145582e-01
  4.3647207e-02
 -2.2129277e-02
 -8.8564202e-02
  1.1786857e-01
 -7.1172811e-02
  3.7998632e-02
 -6.9251753e-02
 -7.8788358e-01
  6.7034286e-01
 -1.8835613e-01
 -4.2275718e-01
 -1.0869898e+00
 -1.0780576e+00
 -5.0138724e-01
 -1.3450674e+00
  5.5537301e-01
 -1.2183157e+00
  8.7391168e-01
 -1.2551059e-01
  2.8205740e-03
 -1.2225196e+00
 -7.2991611e-03
 -1.6493533e-02
 -1.7111261e-01
 -1.1138024e+00
  3.7003753e-01
  4.8378950e-01
 -5.5091536e-01
  3.3820432e-02
 -1.2939221e-01
  2.4391544e-01
  5.0833705e-04
 -2.0113337e+00
 -5.3498930e-01
  2.2186048e+00
  2.1755617e+00
  2.1081440e+00
  1.2042279e+00
 -2.0264544e+00
 -1.0057534e-01
 -1.7824084e-01
 -3.0318789e+00
 -4.6066973e-02
  1.8804009e+00
  9.2199773e-01
  1.5745935e+00
 -1.4455858e-01
 -1.4606655e+00
  3.7814760e-01
 -1.1287951e-01
 -4.3997920e-01
 -1.2107171e-01
  1.1314056e-02
 -1.4568923e-01
  1.4258339e+00
  8.8882446e-02
 -3.7605852e-01
  7.3755933e-03
  4.9542736e-02
 -1.1480089e+00
  1.6525527e-02
 -1.4099771e-02
  1.3995087e-02
 -2.8718380e-02
  6.0964633e-02
 -2.2897555e-02
  1.2591279e-02
 -6.4597768e-03
 -1.9954729e+00
 -5.9803389e-02
  1.7372684e+00
 -1.7128583e+00
 -2.4228916e+00
 -7.5240862e-01
  1.7335745e+00
 -1.1802871e+00
  1.4272724e+00
  2.0217760e+00
 -2.7142954e+00
 -1.7275527e-01
 -1.1540034e+00
  1.7868131e-01
 -9.2039698e-01
  7.3396814e-01
 -7.1861261e-01
 -8.9785713e-01
  1.0006135e+00
  1.3067182e+00
 -1.0707365e+00
 -1.9599825e+00
  8.5892785e-01
 -6.1918896e-01
  1.0286940e+00
 -1.1170398e+00
 -2.8013659e-01
  1.2534479e+00
  1.4778769e+00
 -1.4234043e+00
 -1.6298958e+00
  8.0017710e-01
 -4.7203839e-01
  1.3054823e+00
 -1.5408037e+00
 -1.6445231e+00
  2.3534358e-01
  3.3691692e-01
 -5.4015040e-01
 -4.9000940e-01
  3.6689737e-01
 -2.6239437e-01
  1.0341334e+00
 -1.0101702e+00
 -9.7126865e-01
  1.5724208e+00
  9.3023980e-01
 -5.2950416e-02
  3.6556599e-01
 -1.6404817e-01
  2.6823834e-02
 -4.8021968e-02
  3.9818776e-01
  7.1936287e-02
 -8.1477368e-01
  1.5252461e-01
 -6.7889750e-02
 -7.9531841e-02
  7.9818085e-02
 -2.4604969e-02
  1.0837425e+00
  3.4099214e-02
  1.9596713e-02
  1.0741687e-01
  2.2664319e-01
  2.9663945e-02
  2.0128697e-01
 -1.5447845e-01
 -4.0887675e-01
  2.1721438e-01
  6.6470218e-01
  7.4054273e-03
  5.5569988e-02
  2.4016076e-01
  1.1608367e-01
 -1.3226572e-02
 -2.9489016e-02
 -2.6640291e-03
  5.5574231e-02
  3.1685211e-02
  1.5343316e-02
 -2.7235225e-01
  2.3307388e-01
 -3.8968984e-02
 -2.1085577e-01
  3.9210044e-02
 -6.8990551e-03
  3.5869930e-02
 -4.4413293e-03
 -1.2961007e-02
 -1.0748345e-02
 -4.7699418e-02
  8.8837696e-03
 -2.4460748e-01
  2.1437699e-01
  7.4136807e-03
  5.0082985e-02
 -1.5184167e-02
  1.2817374e-01
 -1.3575438e-01
 -4.0515415e-02
  1.6510414e-01
 -7.0071548e-02
 -1.5850882e-01
 -1.3595004e-01
 -5.1922686e-02
 -6.1057966e-02
 -3.1276025e-02
  8.7417021e-02
  6.3014835e-02
 -3.0526159e-02
 -3.0102808e-02
 -1.2872666e-01
  3.0220710e-02
  2.1693543e-02
  3.0001849e-02
  1.2687282e-01
  6.2674689e-03
 -4.8122823e-02
  1.8935937e-02
 -2.1172244e-02
  9.0492025e-02
  2.7209446e-03
  2.4114920e-02
 -1.8232864e-01
  5.0650947e-02
 -4.7028426e-02
 -1.4995381e-02
 -7.0995641e-01
  1.4771220e-02
  2.4275804e-01
 -8.6251862e-02
 -2.8006849e-01
 -3.7356403e-01
  1.7254181e-01
 -9.3999588e-01
  2.0570780e-01
  2.6351786e-01
  9.0245344e-03
 -1.5027763e+00
  1.4945742e-01
  2.0178928e+00
 -1.7840868e-02
 -9.4672686e-01
  4.0386754e-01
 -8.6107326e-01
 -1.4140034e-01
 -1.2317345e-01
 -1.3380332e+00
 -1.0568559e+00
 -1.2126065e+00
  6.8608993e-01
  5.9877146e-02
  9.8443943e-01
 -5.2079105e-01
  2.9756112e-02
  3.8076591e-01
 -2.5108111e+00
  1.8643576e-01
  5.9336817e-01
  2.6194420e-01
  7.0346482e-02
  5.3749055e-01
 -1.7804101e-01
 -1.1404716e-02
  8.3083719e-02
 -1.2927767e+00
 -8.0410928e-01
 -1.3757011e+00
  2.4530385e-01
 -2.5303939e-01
  1.2289751e+00
 -1.6366718e+00
  2.6585165e-02
  6.4726099e-03
 -1.5485269e-02
 -1.5302956e-01
  1.5773535e-01
 -8.0159836e-02
  5.6696087e-02
 -1.4297186e+00
 -3.8783256e-02
 -5.1162791e-02
 -4.1196801e-02
 -7.8667432e-02
  5.1648729e-02
  7.7521629e-03
  3.5878398e-02
  7.8461803e-02
  3.6868047e-02
  2.5523648e-02
  3.8267057e-02
  3.7451115e-02
 -4.0469036e-02
  4.9798228e-02
  1.2241297e-01
 -7.6598845e-02
  1.2722224e-01
 -6.2068719e-01
 -6.8647452e-02
 -5.6625813e-02
 -2.3670197e-02
  3.5762463e-02
  1.9437723e-02
  1.2522496e-01
  2.5006669e-02
 -1.6964098e-02
  1.4265825e-01
  1.0620884e-01
 -4.0479533e-02
  5.3125028e-02
 -1.6261134e-02
  5.1855324e-03
 -2.4142274e-01
  3.1517964e-02
 -9.4163194e-03
 -2.2767460e-01
  1.1949711e-02
 -1.9084865e-02
 -1.6311623e-01
 -9.3535610e-02
  1.8619208e-01
  2.1060437e-02
 -3.5297416e-02
  1.7177983e-01
  3.9602846e-02
  4.0565230e-02
  9.1410741e-02
 -3.5203412e-02
  7.4581437e-02
  6.0922533e-02
  1.0062915e-01
 -5.5722343e-03
 -1.4625785e-02
  4.8112310e-02
 -1.3217509e-02
 -3.9968569e-02
  8.2766116e-02
  2.6295384e-02
  2.3489574e-02
 -1.4806369e-01
  4.4328678e-02
  5.2234821e-02
  1.5024893e-01
 -1.1383101e-01
  7.3481768e-02
  2.1032782e-03
 -3.0671017e-02
 -3.2325793e-02
  2.5692908e-02
 -2.5418288e-01
 -2.9954515e-02
 -3.5147376e-02
 -4.9736027e-02
  9.2606312e-01
 -5.2526778e-01
 -1.5072613e+00
 -3.1852913e-01
  1.4887518e+00
 -9.4207428e-02
  1.8982382e+00
  1.9796757e+00
 -7.0943493e-01
 -2.3092816e-02
 -4.9846739e-01
 -4.4654253e-01
 -8.3092099e-01
 -3.4719877e-02
 -8.1920147e-02
 -1.2068515e-01
  1.2377067e+00
  1.9989626e-01
  1.6687362e-02
 -3.9425176e-01
 -4.0373582e-01
 -4.0566954e-01
 -1.7856561e-01
  4.2403963e-01
 -7.1768820e-02
  1.0045959e+00
  1.0519980e+00
 -2.9033396e-01
 -5.8863348e-01
  5.5085775e-03
 -3.7358692e-01
  7.6961435e-02
 -3.5975280e-01
 -3.3652800e-01
  1.2192740e+00
  6.2928432e-01
 -2.2888711e-01
 -1.1231947e-02
 -5.2496683e-02
 -2.9108393e-01
  2.8960267e-01
 -1.2338970e-01
 -8.9012347e-02
 -9.0063572e-02
  8.2005864e-01
  2.6526546e-01
  9.4603542e-03
 -1.3637247e-02
 -8.0495931e-02
 -2.5831752e-02
 -2.0809937e-01
  3.6669821e-02
 -6.8764079e-01
 -2.5051075e-03
 -8.3497182e-02
 -9.3302699e-03
 -5.2202377e-02
 -1.5505222e-02
  5.3578925e-01
 -3.3087650e-01
 -3.9827734e-02
  4.4802941e-02
 -1.5975025e-02
 -3.8834300e-02
 -1.0018715e-02
  8.5630938e-02
  1.3907571e-01
  3.5919383e-02
 -1.0945115e-02
  6.6827394e-02
 -2.5872505e-01
 -6.7554503e-03
  1.0665042e-01
  6.7848355e-02
  5.1118053e-02
  2.3915449e-02
  2.7215827e-02
  7.0332535e-02
  4.8987020e-02
 -1.8281646e-02
 -1.8062532e-01
 -4.7346901e-02
 -1.4791526e-01
 -1.8711504e-02
 -1.3793455e-02
  1.7378846e-02
  3.0572986e-02
 -1.0448766e-01
 -9.1403887e-02
  1.0547859e-02
 -3.3469010e-02
  4.2902336e-02
 -1.8848409e-01
  5.5247135e-02
  6.1923224e-02
 -7.8477971e-03
  5.5486366e-02
  7.7627309e-02
 -4.6279904e-02
  1.8768489e-01
  2.3254815e-02
  2.2996182e-02
 -6.3106351e-02
 -2.7659778e-02
  5.2740198e-02
 -1.5626985e-01
 -9.1795059e-04
  5.1324133e-02
 -2.7676472e-01
  9.8765403e-02
 -4.3056291e-02
 -4.2927325e-02
  9.6503608e-02
  2.5103977e-02
 -3.1646024e-02
 -7.4336804e-03
  3.5732754e-02
  1.9439840e-01
  2.8248835e-02
 -3.6077596e-02
 -1.9197565e-01
 -1.5650834e-01
 -2.2201952e-02
 -5.4348536e-02
 -3.9950144e-02
  2.0859063e-01
 -5.7123697e-01
  9.4982165e-01
  1.8115628e+00
  5.6951529e-01
 -2.5777686e+00
  1.4461412e-02
 -2.9398086e+00
 -1.6027104e+00
  1.4788722e+00
  6.2774670e-01
  1.4279457e-02
  2.4123880e-01
 -3.2903198e-02
 -1.7195200e+00
  9.2720813e-01
  1.4687066e-01
 -1.3906558e-01
  1.7883097e-01
 -1.6423504e-01
 -2.1173035e-01
  4.1682443e-01
  4.3306410e-01
 -6.7094159e-01
  1.5423578e+00
  1.0457883e+00
 -1.9845137e-01
 -1.2108687e-01
  2.8969071e+00
 -6.5537736e-02
  4.2720690e-01
 -4.9728882e-01
 -2.6255703e+00
  6.2699986e-01
  2.0494154e-02
  2.3618625e-01
 -1.2414664e+00
  1.2996615e-01
  7.0601237e-01
  6.4974809e-01
 -4.9642185e-03
  1.2733802e+00
 -7.8773338e-01
 -4.4696417e-02
 -8.0702078e-01
 -3.2755381e-01
  7.6115900e-03
 -5.5094782e-02
  5.6891882e-01
 -3.3114824e-02
  6.6265687e-02
  8.6759049e-03
  1.4458645e-02
 -5.5691558e-01
  9.0013864e-03
  1.3110963e-01
  2.2198667e-03
  1.0533273e-01
  1.7967315e-02
 -1.8710786e-01
  6.6377841e-02
  4.1007943e-02
 -1.4010849e+00
 -7.8141071e-02
 -5.2884376e-01
  6.0179520e-02
 -8.0494690e-01
 -9.3240386e-01
 -7.1597570e-01
 -2.1513999e+00
  7.2740793e-02
  1.3354318e+00
  1.7265459e+00
  1.5976813e-02
 -1.2112025e-01
  1.0444875e+00
  5.3402376e-01
 -2.4595948e-02
  3.0271953e-01
  4.6782456e-03
 -9.5371485e-01
  1.7476070e-03
 -7.6031298e-03
  1.9958279e-01
  2.0245690e+00
 -4.2579505e-01
  5.8181997e-02
  2.6719081e-01
  2.8911249e-03
  7.0133913e-01
  1.1480986e-01
  9.6787833e-02
  1.2099665e-01
  2.9882438e+00
 -5.7500839e-01
 -9.1870077e-02
 -4.6767423e-01
 -1.0979652e-02
 -1.5952452e-01
  5.7381922e-01
  1.9039514e-02
  7.4725933e-02
  6.6540641e-01
 -3.5891887e-02
 -5.3653871e-03
  1.6423230e-01
  8.9656733e-02
  1.9722024e-01
  1.3280249e-01
  8.2919970e-02
 -2.4782762e-02
 -1.3585111e-01
 -1.0176597e-02
 -1.7378727e-02
  1.2857561e-02
 -7.0685339e-03
 -2.4472920e-02
 -2.4799444e-02
  9.9385068e-02
 -2.1842271e-01
  2.0099694e-02
 -1.4780995e-02
 -3.8642477e-02
  1.0071036e-02
  3.6919430e-02
  5.8367349e-02
 -2.0254654e-01
  7.0775247e-01
  1.0077073e-01
  2.6580716e-02
  1.8572861e-01
 -2.6053745e-02
  2.1188954e-01
  2.9503580e-03
 -1.9084949e-02
  1.5437448e+00
  4.8732452e-02
 -2.8380789e-02
  2.2674691e-02
  2.5221812e-02
 -1.1347972e-02
 -6.2762260e-02
 -1.1730804e-01
 -1.2974645e-01
  2.0770533e-01
  1.2178020e-02
  1.5258319e-02
  2.4641483e-01
 -1.4970817e-01
 -3.7294221e-01
  1.5857238e-02
 -1.0561303e-01
  1.8705530e-01
  1.8075210e-01
  5.4076985e-02
 -6.7009643e-02
  1.3931730e-02
  8.3172433e-02
 -4.3477457e-02
  2.5445986e-01
 -9.9088214e-02
 -1.8367881e-02
  1.4201392e-02
 -6.9611654e-02
  2.2644322e-02
 -1.2702627e-01
  4.5450613e-02
 -7.1790859e-02
 -1.6917947e-03
  3.8036842e-02
 -1.9032091e-02
 -1.1301157e-01
  9.6837603e-02
  5.4341048e-02
  2.7334169e-02
  2.5054801e-03
 -1.4406122e-02
 -5.0626379e-03
  6.3980773e-02
  4.0530324e-02
 -1.8166946e-02
  1.2727007e-02
 -3.5970798e-03
 -1.2375648e-01
 -6.4920008e-02
 -4.7648508e-02
 -9.4074560e-03
  1.1426970e-01
 -6.6780925e-02
  4.5460917e-04
 -3.7052503e-01
  1.9331515e-02
  4.9808249e-01
 -4.5038756e-02
  1.5480110e-01
  3.7526813e-01
  6.3988119e-01
 -2.8168288e-01
 -5.7946201e-03
 -5.6719977e-01
  1.2972555e-01
 -9.5955975e-02
 -7.0324826e-01
  4.7249189e-01
  1.2719043e-01
 -1.1812962e-02
 -1.9227238e-01
 -1.1699134e+00
 -2.5816232e-01
 -6.8179168e-02
 -4.9424801e-02
  2.3756860e-02
 -1.1415167e+00
  8.7690061e-01
  2.0351572e-01
  9.3417731e-04
 -1.4088023e+00
  5.0790071e-02
  4.7235918e-01
 -4.5179099e-02
 -9.7675249e-02
  6.6879487e-01
  1.4940679e-01
 -3.3336870e-02
 -7.6829630e-04
  2.5829780e-01
  1.7634982e-01
  3.5183284e-01
 -3.7648890e-02
 -2.0008828e-03
  4.6104196e-01
  8.2983933e-03
 -1.0694886e-02
  2.4896707e-01
 -8.5524201e-02
  1.4486736e-02
  3.5184786e-02
  2.5259440e-03
 -5.4879822e-02
 -4.8214719e-01
 -5.3277500e-03
  1.5700731e-01
 -4.2788725e-02
 -2.4841733e-01
 -5.1362058e-03
  1.0738338e-01
 -3.4274414e-02
  2.0041451e-02
 -1.0883745e-03
  6.3740171e-02
  3.5584578e-04
  8.7961100e-02
 -1.0586852e-02
  3.6351241e-02
 -1.0571584e+00
  6.6069558e-02
  5.3790767e-02
  1.5770727e-01
  2.4928327e-01
 -1.1829176e-02
 -1.0297165e-02
  3.2731697e-02
 -1.5320319e-01
  3.7537001e-02
  1.0490028e-01
  4.6112027e-02
  2.8900662e-01
 -8.8261761e-02
  8.4485479e-02
 -5.5984389e-02
  1.0611168e-02
  7.6145798e-02
  1.8477935e-02
  1.0171282e-01
  5.6949053e-02
  2.2525091e-02
  1.0818986e-01
 -1.0888099e-02
  3.3111528e-02
 -1.3511615e-02
  1.2150422e-01
  6.7682266e-03
  6.8657654e-03
  4.2368203e-02
 -1.1283704e-01
 -1.1279789e-01
  7.4031249e-02
  1.4118456e-02
  9.1252916e-02
 -6.6012897e-02
 -7.7702612e-02
  3.9312091e-02
  5.4987017e-02
 -2.2179049e-03
 -1.3554943e-01
 -8.2357615e-02
 -2.3071224e-02
  1.5281470e-01
 -6.6149123e-02
 -2.4589577e-01
 -6.9776908e-02
 -3.0699454e-02
  5.0107535e-02
  1.4928338e-02
  1.4059858e-01
  2.3172097e-02
 -5.4466580e-03
  1.2505883e-01
  6.5149955e-02
 -8.0806367e-02
 -3.6115918e-04
  1.0861783e-01
  6.4259619e-02
 -5.0195888e-02
  2.9160913e-02
  2.9477943e-02
 -1.1762791e+00
 -5.4926970e-03
  4.7328691e-03
 -4.2025021e-01
 -1.2218158e-02
 -1.6716065e-01
 -3.1707478e-01
  1.9065456e-02
 -2.6158676e-01
  2.0835271e-02
  6.8235315e-02
 -6.5169252e-02
  4.1290786e-02
 -6.2507451e-02
  6.6551454e-02
 -7.5840794e-02
 -1.8311884e-01
  1.2040583e-01
  3.6680810e-02
 -4.2797148e-02
 -8.7173721e-03
  2.4125414e-01
 -5.4194782e-02
  2.7716884e-02
 -1.0147088e-01
 -4.2488560e-02
 -6.9888525e-02
 -2.8471889e-02
  5.2058227e-02
  6.0175353e-01
  2.2277849e-02
  1.2596568e-01
 -3.1863189e-01
 -2.8217328e-01
 -1.0528505e-01
  2.7818261e-02
  1.6863063e-01
 -7.6841689e-03
  4.8098654e-02
 -6.6264910e-03
 -5.0462410e-02
 -2.0763697e-02
  3.0604165e-02
 -7.9875207e-03
  2.5424577e-02
 -6.5690525e-02
  4.6577591e-02
  1.2457471e-01
 -2.3163861e-02
  5.3271569e-02
  4.5754880e-01
  1.3446059e-03
  2.7221637e-02
  2.5605695e-02
 -1.6774698e-01
  2.7344948e-02
  1.2898622e-02
  3.2411828e-03
 -2.3589650e-01
 -3.2017395e-02
 -1.7099930e-01
 -1.1761291e-01
  2.5171282e-02
 -2.4737094e-01
 -6.3916075e-01
  2.4834812e-01
  9.6687496e-01
 -4.2932987e-02
 -2.1141322e-01
  4.4217607e-01
 -1.0318139e+00
 -4.3692017e-01
  1.8299283e-02
  3.4681916e-01
 -8.0236292e-04
 -1.0949539e-01
 -3.4912682e-01
  3.2866919e-01
 -4.5198298e-01
 -1.6921613e-01
 -5.7961327e-01
 -1.3620841e-03
  1.9355167e-01
  2.9094284e-02
 -3.4491159e-02
  9.2520303e-01
  2.8905869e-02
  3.9550830e-02
 -4.1761756e-01
 -1.5561236e-01
 -6.3721924e-03
  3.3638182e-01
 -9.9771082e-02
  3.5489595e-01
  2.4795730e-02
 -1.6407834e-01
 -8.2430691e-02
  1.6742701e-02
  6.9763690e-02
  1.2780149e-02
  1.8602373e-02
 -1.1597923e-02
 -3.3495021e-01
 -1.4702722e-01
  2.2758964e-01
  1.4949629e-02
  1.2337336e-03
 -1.3593353e-01
  1.0328344e-01
  6.8601519e-02
  5.2391022e-02
 -6.1979848e-03
 -2.4604493e-01
 -4.7908347e-02
  3.2000292e-02
 -8.2444854e-02
  6.0089948e-03
 -7.0765518e-02
  4.1834123e-02
  4.9062776e-03
  3.1673640e-02
 -2.4522901e-02
  1.8576695e-01
  1.9870754e-02
  1.0065387e-01
 -7.2691232e-02
  2.1693407e-01
  1.5529456e-02
  2.3788711e-02
  2.2344127e+00
 -1.4608566e-01
  6.8773382e-04
  1.1703453e-02
 -1.3381080e-02
  1.0424109e-01
 -1.3238406e-01
 -4.3839946e-02
  8.1235744e-02
  8.2476579e-02
 -1.6979964e-01
 -3.0451557e-01
  8.1270427e-02
 -2.1878015e-01
  1.4557683e-01
  3.0222088e-02
  6.9777474e-02
  3.5821900e-02
 -4.7490101e-02
 -1.2597091e-02
  6.1575554e-02
  8.8491753e-02
  1.9431110e-02
  2.0838692e-03
 -6.4173222e-02
  7.7699959e-02
  3.8686749e-02
  6.4746186e-02
 -8.2839742e-02
 -5.6855273e-02
 -5.1484868e-02
 -2.0961180e-01
  6.3300900e-02
 -2.5984295e-02
  4.5776874e-02
 -1.7962067e-01
 -4.2903859e-02
 -8.1565097e-02
 -4.6936214e-02
  9.1651222e-03
 -3.5400051e-03
  4.8355870e-02
 -1.6967827e-02
 -1.5898259e-01
 -4.6289217e-02
  4.2490043e-02
 -9.6819391e-03
  1.2886247e-02
 -4.1818446e-03
 -1.3548847e-01
 -8.2954848e-03
 -1.0563539e-01
  5.2740076e-03
  9.5212616e-02
  1.1687023e-01
 -6.6905156e-02
 -3.2947485e-03
  3.4448899e-02
 -8.3873898e-02
  3.5736111e-03
 -4.4470735e-02
 -3.2920039e-03
 -1.1043193e-02
  3.6619604e-01
  1.5678853e-01
  3.0023525e-03
 -4.1222725e-02
  5.1028132e-02
 -2.0093853e-02
 -4.4206187e-02
 -3.7533272e-02
 -7.6579772e-02
  1.8292122e-01
 -1.2491404e-01
 -2.9334979e-02
 -2.4886141e+00
  1.5035228e-01
 -1.9991916e-01
  3.5184406e-02
 -6.8604699e-03
  1.3892568e-02
 -6.7025572e-02
 -7.9371884e-02
  1.9543150e-02
  7.9754807e-02
 -3.1778617e-03
  4.1756969e-02
  1.8168502e-01
  3.7510876e-02
  2.6135823e-02
 -7.7007979e-02
  3.1506028e-02
 -2.4835913e-02
 -4.9000829e-03
 -2.2461895e-02
 -5.5559664e-03
 -4.5280341e-02
  1.5167627e-01
 -7.3498070e-02
  7.7830674e-03
  3.4557268e-01
 -4.2192183e-02
  8.4579743e-02
 -6.6829715e-03
 -8.3121501e-02
 -5.5618033e-02
  1.6799252e-02
  4.4296481e-02
 -2.1723231e-02
  6.4524449e-02
 -2.9248875e-02
 -3.4397628e-02
 -7.9263784e-02
 -9.1224305e-02
  6.1953869e-03
  4.2918567e-02
 -1.8159986e-02
  8.5610775e-03
  3.7913702e-02
 -9.2259288e-02
 -2.2282818e-02
  2.9282019e-01
  3.1630382e-02
  1.8910472e-01
  1.3871919e+00
 -1.9187617e+00
 -1.4646482e+00
  6.7234337e-01
 -1.0323131e+00
 -2.9818952e-01
  8.9494616e-01
  1.0752312e+00
 -2.1997973e-01
 -7.4182503e-02
  4.9254685e-03
  1.1686007e-01
 -3.4350682e-02
 -1.3918422e-02
 -2.8442791e-01
  9.7411983e-03
 -2.5322875e-01
  1.8293815e-02
  9.0510719e-02
  2.8807342e-01
  8.9953132e-02
  1.3793497e-01
  5.5929327e-01
 -2.0458880e-01
  1.3197770e+00
 -4.8028168e-01
 -2.1967930e-01
  1.9533213e-02
  1.3097501e-01
  1.1465778e+00
 -6.7138426e-02
  2.6319674e-01
  2.8051943e-02
 -1.0934746e+00
 -1.6700717e-02
 -1.6385354e-02
 -4.6653739e-01
  1.2164057e-02
  2.0731021e-01
 -2.0967020e-02
  4.5461040e-02
  5.7500180e-02
  9.2349482e-01
  1.8987544e-02
 -4.4288509e-02
  1.1814984e-01
 -9.7939700e-02
  1.2079193e-01
  1.0861999e-02
  8.0177553e-02
 -3.4274485e-02
  6.4735234e-02
  1.9322908e-01
  3.9582970e-03
 -2.2002235e-02
 -5.2404515e-02
  4.9480405e-02
 -8.3219737e-01
 -1.0586610e-01
  2.2890657e-02
  1.9095887e-01
  2.2651598e-01
  1.4153351e+00
 -2.0565665e-01
  5.1325355e-02
 -8.5293949e-01
 -1.6743239e+00
 -2.5389504e-01
 -9.4394147e-01
 -1.1567942e+00
 -2.6915485e-02
 -8.4555030e-02
  2.6101826e-03
  1.3346893e-01
 -7.1067058e-02
 -1.8853393e-03
  2.2267976e-01
 -1.4908158e-02
 -6.5025240e-02
 -8.3520031e-01
  1.4056315e-02
  2.1048300e-01
 -1.0864688e-01
 -2.4445142e-01
  8.4105009e-01
  8.2879424e-02
 -5.6900978e-03
  4.3192247e-04
 -1.4005779e-01
  2.4918355e-02
  5.1099848e-02
 -1.4059629e-01
 -6.7952551e-02
 -9.0818113e-01
  1.3259825e-01
 -1.3706990e-01
  1.4495397e-03
 -7.2757274e-01
  1.8921727e-01
  7.7882022e-02
 -5.5229034e-02
 -2.1581044e-02
 -1.7810158e-02
  7.2535463e-02
 -8.1185302e-05
 -2.5161805e-02
 -3.3126464e-01
  7.3126100e-02
  1.6517426e-01
 -2.2436326e-02
  1.2242073e-02
  1.7517621e-02
 -2.1510935e-01
 -1.8251767e-02
 -4.6662763e-02
  4.3525744e-02
 -1.3829084e-01
  6.6063744e-03
  1.1550971e-01
  1.3336530e-01
 -1.9213413e-01
 -8.0392202e-03
 -6.9770463e-02
  2.8127847e-02
 -2.1019969e-03
 -1.0705386e-02
  2.3766872e-01
  1.7739706e-01
  3.9466411e-01
  9.3407720e-02
  3.6239257e-01
  2.9710525e-01
  2.6230496e-01
 -1.6319467e-01
  1.0768487e-01
  1.4438900e-01
  3.1644709e+00
 -1.0248042e+00
 -1.9323858e+00
 -2.2342110e+00
 -4.2688346e-01
 -2.5021555e+00
  7.8495222e-01
  9.0572053e-01
  1.7194839e-01
  2.7371607e+00
  1.7473380e-01
  7.8827262e-01
 -2.1927737e-01
  6.2498504e-01
 -2.1595540e+00
  1.0821029e+00
  1.3583200e-01
 -8.3346330e-02
  4.2737823e+00
  7.2358862e-02
 -1.3040191e+00
 -1.0296941e+00
  5.6013519e-01
 -1.6271621e+00
  2.6366386e-01
  7.2212964e-02
 -5.6697793e-02
  2.6832397e+00
  8.6937565e-03
 -1.5401114e+00
 -1.5217301e-01
 -4.5729335e-02
 -1.8932793e+00
 -4.2801610e-01
 -5.7668772e-02
 -1.6765790e-01
 -3.3696413e-02
 -4.0474594e-02
 -2.2886243e+00
  5.8268532e-02
 -2.7454102e-02
  3.2546404e-01
 -8.0033553e-01
 -4.8651462e-03
  1.5082634e-02
  6.1244994e-02
 -7.1298160e-02
  2.2749253e-01
  1.4210115e-02
 -5.8579672e-02
 -4.9232859e-02
  1.9873502e-02
 -1.6942348e-01
  1.8944445e-01
  3.1669114e-02
  5.4976046e-03
 -5.3525072e-02
  3.0900525e-02
 -1.0160708e-01
  2.3349373e-01
  3.5693530e-02
 -1.3504106e-01
 -1.1651143e-01
  1.2448773e-01
  2.5731357e-02
  2.1474785e-01
  1.7251252e-04
  3.6884528e-02
  2.1461233e-01
 -5.9166491e-02
 -7.3949717e-02
 -4.6124980e-02
  3.9477322e-02
 -1.4974563e-02
 -1.1298935e-01
 -9.3838103e-02
  2.7586364e-03
  3.7811646e-01
 -8.6335793e-02
  1.0639092e-01
 -2.5005876e-03
 -5.0873566e-02
  1.4221142e-01
 -5.1297754e-02
  1.2459523e-02
  3.9576353e-03
 -2.3802849e-03
  5.1081970e-02
 -9.5177792e-02
  5.7441149e-02
  2.0912193e-02
  3.5626899e-02
  5.2565806e-02
  2.7480282e-02
 -5.7253491e-02
 -3.1170998e-02
  1.5372690e-02
 -3.3513948e-02
 -1.3016950e-01
 -1.0968789e-01
 -6.1729234e-02
 -6.7747824e-02
  1.3896346e-03
  6.6769220e-02
 -1.6986978e-01
  5.3380005e-02
 -3.8662821e-02
 -3.8439147e-02
  6.1832529e-02
 -2.7507344e-02
 -1.0451776e-01
 -6.1073750e-02
 -1.0550135e+00
 -1.6625667e-01
  5.3788099e-02
 -3.1666551e-02
  6.8216747e-01
  2.8756320e-01
 -1.7058848e+00
 -2.9690793e-02
  4.3837136e-01
 -5.3134757e-01
 -2.2233786e-01
  1.1569259e-01
  2.1186857e-03
  6.9457650e-02
  9.0801707e-03
 -4.6950397e-03
  6.7294705e-01
 -9.1365322e-02
 -1.0699191e-01
 -7.4823685e-02
  1.4658818e-03
 -1.7268902e-02
  6.5824807e-02
  2.8452698e-02
  2.4157951e-02
 -1.5925439e-03
 -3.4797952e-01
 -8.3566196e-03
 -8.9193396e-02
  1.4745140e-02
 -3.3619717e-02
  4.4226024e-02
 -2.6033070e-02
  1.2919691e-02
  1.9732004e-02
  1.8123802e-02
  5.1019560e-03
  3.7417006e-02
 -4.7551151e-02
 -4.4529740e-02
  1.0902587e-01
 -8.4549814e-02
  2.2826247e-02
  1.8760344e-01
 -8.4648486e-03
  9.9327445e-02
  1.4058518e-01
 -8.9009190e-03
  7.6929107e-02
  1.0403705e-01
  1.1317665e-02
 -1.1274067e-02
 -5.0682817e-03
 -3.2456439e-02
 -5.1839959e-02
 -3.7406191e-02
 -2.8842244e-01
  1.4567563e-02
 -1.7769696e-01
 -5.5229291e-02
  1.4441067e-01
 -8.0160024e-03
  1.6592966e-01
  1.5406822e-02
 -1.3569599e-01
  8.2954608e-02
 -1.8595219e-02
  4.5528010e-02
  1.1205968e-01
 -5.9995557e-05
 -1.5133529e-02
  6.7761704e-02
  3.8799576e-02
  6.4222291e-02
  2.8288877e-01
 -5.9846211e-02
  3.6674682e-02
 -1.6639031e-01
  4.6838325e-02
  2.8172845e-02
  6.4989276e-02
  7.3473882e-03
  1.9781035e-01
 -1.1506448e+00
  1.1349521e-01
 -9.9448126e-04
  7.8577176e-02
  1.1199832e-02
 -1.3849761e-01
 -4.6121534e-02
 -9.3484171e-02
  1.2188204e-01
 -1.8453719e-02
  1.8660037e-01
 -4.8736194e-03
 -2.2243340e-02
 -1.0856377e-03
 -1.3628991e-02
 -3.8552769e-02
  8.7686367e-03
  8.8046759e-02
 -1.2913013e-02
 -4.2578731e-02
  1.7665336e-03
  5.1167231e-02
 -1.5403854e-03
 -6.5070108e-02
 -3.3553131e-02
  5.0993019e-01
 -7.5145870e-01
  7.9213064e-03
 -1.2493151e-01
  3.4608163e-02
 -6.7861058e-02
 -1.9908217e+00
 -1.8856065e-01
 -1.4816147e-01
 -6.3675866e-02
 -2.6191473e-03
  4.2124256e-02
  4.4242822e-02
  8.8243168e-03
  2.1042868e-02
  1.5592167e-01
 -1.4660262e-02
  3.5206873e-02
 -2.5256577e-01
 -5.1566079e-02
  2.4727145e-02
 -7.5799793e-02
  9.4865076e-03
  5.2601848e-02
  2.7904046e-01
  1.0612816e-01
 -7.9252996e-02
  3.8361736e-02
  3.9459694e-02
 -2.2394629e-01
 -1.1688552e-01
  1.4504574e-01
 -3.3477250e-02
 -1.3959411e-02
  9.9554285e-03
 -1.7920222e-02
 -8.4511384e-02
 -3.2194369e-02
 -4.9868260e-02
 -1.8488487e-02
 -9.8610207e-02
  6.4967140e-03
  2.4420677e-02
 -2.9150441e-02
 -1.6265626e-01
 -5.7738990e-02
  5.7736002e-03
  4.0264782e-02
 -2.9238665e-02
  1.8729754e-01
  1.7851658e-02
 -1.6447220e-03
  1.2315278e-01
  6.8275182e-04
 -8.8944808e-02
  3.0520894e-02
  1.5252697e-01
 -1.8922532e-02
  6.4875968e-03
 -3.5650495e-03
 -1.6609479e-01
  9.6192145e-01
  4.9109876e-02
 -8.0584057e-02
  4.9356878e-02
  1.8681921e-02
  2.0908670e-02
 -2.0035759e-01
 -3.6036335e-02
  3.4390859e-02
 -1.0438474e-01
  1.2890634e-01
  2.5490664e-02
  9.2891395e-02
 -1.3819668e-02
  7.4472152e-02
  8.8191666e-02
 -9.8031662e-02
 -2.3300210e-01
 -1.6535265e-02
  1.4102113e-01
 -4.8520532e-02
  2.1915276e-02
 -2.8082341e-02
 -8.6958140e-02
 -1.3471039e-01
  9.7939996e-03
  6.5942228e-02
  3.8587484e-01
  1.7752053e-02
  4.7948927e-02
  8.1390552e-02
 -4.1025441e-02
  5.9250519e-02
 -9.2746347e-02
 -1.0844804e-01
 -2.7764216e-03
  1.9929081e-02
 -4.7411520e-02
 -2.8707880e-01
 -5.5249516e-02
 -2.2206208e-02
  8.1174970e-02
  2.0571466e-01
  1.0710000e-01
  5.7588551e-02
 -9.3647189e-02
 -2.0344871e-01
  7.4007995e-02
  3.1364798e-03
  3.0689077e-03
  1.9225590e-01
 -5.9061864e-04
  1.7896539e-02
  3.0202523e-02
 -7.6901577e-02
  9.3788654e-02
 -6.0020354e-02
 -6.8549097e-02
 -8.6132787e-02
 -2.0982977e-02
  2.1717090e-02
  8.5799806e-03
 -6.6557325e-02
 -5.4258420e-03
  6.8225026e-02
 -5.2113265e-02
 -3.7753242e-01
 -3.1204425e-02
 -1.6475832e-01
  1.4945500e-01
  1.7452338e+00
  1.0225833e-01
 -5.8193401e-02
  1.0666280e-02
 -1.0080662e-01
  1.4602776e-02
 -9.3549788e-02
 -2.2351112e-02
  4.9120460e-02
 -5.4666232e-02
 -8.2900763e-02
 -4.5590077e-02
 -4.4302870e-02
 -2.9721221e-02
 -5.5964358e-02
  1.5657729e-01
  3.4084409e-01
 -2.2336752e-04
 -2.3904660e-01
  2.9794142e-02
 -5.6592803e-02
  8.5261747e-02
  7.5915426e-02
  3.3049822e-02
 -7.1129136e-02
  2.2393225e-02
  5.1636633e-02
 -7.9751546e-03
 -7.5343661e-02
  8.2950346e-02
 -8.2577690e-03
  5.3190463e-03
 -2.1262234e-02
 -3.9850583e-04
  7.1474329e-02
  5.7411239e-02
 -4.4954654e-02
 -1.1526950e-01
 -1.6103674e-01
 -3.2862779e-01
  1.4850281e-01
  1.3125299e-02
  1.2567133e-01
  4.8089329e-02
 -2.9704483e-02
  1.7490331e-02
 -3.0195560e-02
 -1.1030209e-01
  7.3940970e-02
  2.4084745e-02
 -5.4886736e-02
 -1.5109434e-02
 -8.7005413e-01
  4.0723693e-02
  1.7109961e-03
  1.8903884e-01
 -1.8304753e-01
 -6.0882289e-02
 -2.8031342e-02
 -9.9983886e-03
 -1.2142722e-01
  4.0279977e-02
 -3.4052232e-01
 -1.2957978e-01
 -1.1710113e-01
 -3.7851118e-02
  1.5901215e-01
  2.4343643e-02
 -2.8482810e-02
  1.3912119e-01
 -3.2071251e-02
  3.1425007e-02
  1.2499046e-02
  1.9053641e-03
  1.5599722e-02
  6.3357681e-02
 -1.9144885e-02
 -6.0430961e-03
 -1.0511418e-01
 -1.4153891e+00
  1.9616798e+00
 -5.4785687e-01
 -1.6933142e-01
 -8.9941418e-01
  1.3484356e-01
  1.4251016e-01
 -1.3180100e+00
 -9.5544472e-02
  5.4985978e-02
 -4.4382442e-02
  1.0599963e-01
  3.2166319e-03
  1.0394382e+00
 -1.3203649e-01
  9.1923065e-02
 -6.7745215e-01
  2.5988233e-01
  5.6251455e-03
 -3.9880578e-03
  4.0525422e-03
  2.5058879e-02
  1.4289601e-01
 -3.0971310e-01
 -5.8002723e-03
 -9.9387527e-02
 -3.5802342e-02
  6.8029001e-02
 -3.9795998e-01
  2.4994344e-02
  3.2564789e-02
 -1.6521640e-02
 -3.9535901e-03
  3.2594815e-02
  1.9143914e-01
 -2.3100995e-01
  1.4046027e-02
  1.3393700e-02
  5.9898901e-01
  1.5745622e-01
 -5.2911747e-01
 -1.4663224e-01
 -4.8620608e-02
 -1.5567220e-02
  1.7955326e-01
  2.8697334e-02
 -2.4708433e-02
 -1.8398044e-01
  6.6972002e-02
 -1.3897635e-01
  8.5579231e-02
 -2.5693541e-02
  3.1088602e-02
  8.7673023e-02
 -8.8631980e-02
 -1.0596179e-01
  8.2573395e-05
  1.9116240e-03
  1.2457742e-02
 -2.3672907e-02
  4.8210964e-02
  3.4334399e-02
 -1.6664609e-02
  3.7817698e-02
 -4.5107119e-02
 -1.1245283e-01
 -2.7659237e-02
 -5.4010138e-02
  1.1049167e-01
 -3.0795584e-02
  1.8749578e-02
 -4.8738234e-02
  2.8008541e-02
  7.5930282e-03
  2.3983307e-02
 -2.2272160e-03
 -4.6988800e-02
  3.1672176e-02
  4.1969341e-01
 -1.0403589e-01
  1.1774088e-01
 -2.4023380e-02
 -1.5255435e-02
  2.1600018e-01
  1.3153665e-01
  2.5093190e-02
 -8.3661027e-02
 -1.8468335e-02
 -3.6855504e-02
  2.0346416e-02
 -2.1954656e-02
 -2.2070298e-01
  7.6217435e-02
  1.8100481e-02
  8.1106678e-02
 -8.8831112e-02
  4.7344929e-03
 -5.0414046e-03
  5.3609349e-03
 -2.6930677e-02
  1.1011302e-02
  1.4654645e-02
  5.4242965e-02
 -4.9855676e-03
 -3.2553807e-02
 -6.7597866e-02
 -2.1457592e-01
 -1.3987030e-02
  1.1809100e-01
 -2.7078977e-02
  1.2463754e+00
  1.5729325e-01
  8.0046155e-02
  2.2706781e-02
 -1.0001975e-02
 -3.7810821e-02
  3.9538573e-02
 -9.7839370e-02
  2.1685233e-02
  3.0537944e-02
  3.0815775e-02
 -5.0639227e-02
 -6.7348734e-02
  7.2718121e-02
  1.8489636e-02
  1.4785203e-02
  4.1388046e-02
 -3.8697034e-01
  1.7321475e-01
 -5.0056142e-01
  1.0549685e-01
 -2.9195046e-01
  6.4502448e-01
 -3.7337580e-01
 -7.0052880e-01
  5.8727633e-02
  5.7762243e-02
 -1.2158524e+00
 -3.2226539e-01
 -1.2425032e+00
 -2.1996117e+00
  3.4000933e-01
 -4.5066446e-01
  9.3071473e-01
 -1.2081499e+00
 -1.6054477e-01
 -1.9902164e+00
 -1.3179736e-01
 -9.1426772e-01
 -2.3516066e-01
 -1.5176579e+00
  2.0188203e+00
  1.5530157e+00
 -6.9656777e-01
 -1.5157697e+00
 -1.1364205e+00
  4.9957085e-02
  3.3747754e+00
  1.8902477e-02
 -9.9393828e-03
  1.1883730e+00
 -1.8056843e+00
 -6.5523893e-01
 -1.0249658e+00
 -5.7822843e-03
  1.6858393e+00
  2.2747238e+00
 -3.5248371e-03
 -5.9641548e-02
 -1.6875546e+00
 -1.5297915e-01
 -9.4638824e-02
  3.1762955e-01
 -1.8558230e+00
 -4.6989385e-02
  2.9339221e+00
  1.9631831e-02
 -4.1695204e-02
  6.2843722e-01
 -2.5368027e-02
  6.3178293e-02
 -3.1886205e-02
 -1.4193970e-01
  6.9734164e-02
 -4.1794410e-01
  2.7861536e-02
 -5.4981980e-02
  1.6529053e-01
 -1.5659280e-02
 -9.7321182e-02
  4.8337948e-02
 -1.1331395e-01
 -1.4920526e-02
 -1.9647589e-01
  5.5846985e-02
 -4.1977506e-02
  1.6418809e-02
  6.3085020e-02
 -9.9576317e-02
  1.1617523e-02
  1.3520856e-01
 -1.2615874e-01
  3.3183587e-01
  9.2186397e-03
  2.0134473e-01
 -2.0352408e-02
 -3.2103673e-02
 -1.2840399e-01
  3.8862363e-02
 -2.2868821e-02
  1.3623572e-02
  2.3988271e-02
 -4.2256810e-02
  5.3929783e-02
  6.7440525e-02
  8.3593585e-02
  1.0750180e-02
  3.1043587e-02
 -9.5437159e-04
  1.5527827e-01
  1.3058822e-02
 -7.7853762e-02
 -1.5346210e-01
  5.2835107e-02
 -8.0615386e-02
 -1.6245551e-02
  2.3054527e-02
 -1.2891051e-01
  2.2775007e-02
 -7.6613300e-02
 -5.0284378e-02
  1.8997648e-01
 -7.5949498e-02
  5.1003369e-03
  7.3874653e-03
 -3.6850583e-02
  3.5729550e-02
 -7.0661031e-02
  5.8182292e-02
  2.2335328e-01
  1.0100853e-01
 -1.8649389e-01
  1.3439468e-01
 -6.8027414e-02
 -1.4375347e-02
  1.5388650e-01
  8.1788590e-03
 -2.7352320e-02
 -1.4581192e-02
 -2.0069513e-02
  5.6368634e-02
 -4.3892577e-02
  1.7727332e+00
  2.0505054e+00
 -1.2150553e+00
  2.9050565e-01
 -1.8696210e+00
  1.6189351e+00
 -2.1849451e+00
 -7.0878422e-01
  8.1540918e-01
  5.9358414e-02
 -4.3644235e-02
  1.8730160e-02
 -5.7800233e-02
  7.3254275e-01
 -7.3553181e-01
 -7.4876614e-02
 -4.6833819e-01
  1.9140633e+00
  5.0185401e-02
 -1.5414581e-03
  6.7125879e-02
 -8.9751929e-02
  3.2785487e-01
 -5.2561737e-03
 -1.5909079e-02
 -1.1798807e-01
  1.5481877e+00
  2.4259222e-01
 -3.6296538e-01
  5.6922432e-02
  7.9592481e-02
 -4.3220787e+00
 -2.0957766e+00
  8.3563626e-01
  3.5735285e-01
  1.5022961e+00
 -2.7033122e-02
 -1.4335272e-01
 -1.7842162e-02
  1.0805295e-01
 -5.9830785e-01
  3.1020022e-03
  6.4506173e-02
  3.6224127e-01
  9.3274814e-01
 -3.2635830e-02
 -1.1638374e-01
  1.1158360e-02
  4.3572880e-02
  1.3764364e-01
 -1.2648338e-02
 -5.5794910e-02
 -3.4595488e-04
 -8.4307946e-02
 -6.8291493e-02
  5.9510632e-03
  1.1557364e-01
  2.5350349e-02
 -9.1143519e-02
 -1.1787816e-01
  2.0110626e-02
  1.8991159e-02
 -1.4098848e-01
 -1.9758651e-02
 -5.4551229e-02
 -1.1409512e-02
 -1.0730450e-01
  7.5657003e-02
  8.7983645e-03
 -5.7448246e-02
  6.7533642e-02
 -2.4357369e-02
  1.7298198e-01
 -1.7058244e-02
  6.0552843e-02
 -1.0644957e-01
  4.3886933e-02
  2.2916988e-01
  1.1368399e-03
 -1.3682272e-01
  3.3074148e-02
  2.2899846e-02
 -1.3777053e-01
  3.4512130e-03
  4.0345546e-02
 -2.0678492e-02
  1.7964469e-01
 -2.0362603e-02
  7.5184785e-02
  2.2337627e-01
  6.7619897e-02
 -1.0265661e+00
  9.8453321e-02
 -2.0060025e-02
 -2.2983741e-02
 -4.5762982e-02
  2.4664391e-02
 -4.3843538e-02
  2.0467812e-01
  1.0002439e-02
  9.3580442e-05
 -8.6270683e-02
 -6.0561713e-04
  6.3800598e-03
  3.4486251e-03
 -5.4268375e-02
 -2.2894457e-02
  3.4416044e-01
 -1.8703058e-01
 -9.0777865e-03
  1.1909021e-01
  2.2851966e-02
  1.6528344e-01
 -2.6536852e-02
 -2.4898874e-03
  8.7535426e-02
  1.9709986e-02
 -3.7750624e-02
  8.2495362e-01
  3.1659283e-02
 -2.8627709e-02
 -1.0210329e-01
  1.3948372e-01
  5.2973526e-03
  8.1791021e-03
 -1.2070450e-01
 -5.4368358e-02
 -1.0107995e-01
  3.2757064e-03
 -3.4034491e-02
 -1.4374293e-01
 -7.4278474e-02
 -1.7403081e-02
 -2.1400468e-03
  6.6035777e-02
  5.3486738e-02
  5.3279839e-02
 -2.8930796e-02
 -1.5607385e-01
  6.9977925e-03
  4.0667079e-02
 -5.4633416e-02
  8.4587008e-02
 -3.5518631e-02
 -2.5566656e-02
 -6.9855548e-02
 -5.4775495e-02
 -7.0824578e-02
 -1.9612211e-01
  4.8680674e-02
 -9.9227363e-03
  1.4217912e-01
 -5.3685248e-02
  9.3924887e-03
  2.1350411e-01
  3.1016641e-03
 -9.7778507e-02
 -1.6292487e-03
 -5.4890566e-02
  2.8818909e-02
 -4.6811007e-02
  1.2423866e-01
  4.8122138e-02
 -9.6201248e-02
  3.9572991e-05
  2.3181055e-02
 -1.1958928e-01
  3.5965481e-01
 -3.0570356e-02
  6.9476389e-03
 -8.5907184e-02
 -5.7043556e-02
 -2.7095845e-02
 -2.7888108e-02
  5.0515853e-02
 -5.2720379e-02
 -8.0392167e-02
  5.5232946e-02
 -6.7394182e-02
 -1.5575107e-02
 -2.4727402e-02
  1.3533708e-02
  3.0383072e-04
 -5.5328561e-03
 -3.3167887e-01
 -8.0446526e-02
  1.2046359e-01
  6.2804662e-02
 -6.6501871e-03
 -2.5433099e-02
 -4.6661280e-02
  1.3620558e-02
  1.9583516e-01
  1.5040891e-02
  7.2093286e-02
  1.2868939e-01
  9.5110938e-02
  7.8227194e-03
 -1.4900780e-01
  3.1010499e-02
 -3.4021072e-02
 -2.0234581e-02
  5.2198619e-03
 -3.8683895e-02
  4.3036390e-02
 -2.3850583e-02
 -2.6080396e-03
 -1.4663860e-01
  8.4167364e-04
 -1.0675551e-02
 -4.1736409e-02
 -3.2135140e-02
  3.6767635e-03
 -5.1500361e-02
  5.8104239e-02
  4.7242716e-02
 -4.1857576e-03
 -5.8983527e-02
 -2.0963985e-02
 -3.6613089e-01
  1.0803690e-02
 -1.7988382e-02
  7.6087601e-02
 -9.8093323e-02
 -4.3139596e-02
 -1.0265767e-01
 -3.1835013e-03
  2.3110205e-01
 -8.0635212e-04
  3.3783767e-02
  7.8387745e-02
  2.3673406e-02
  1.0909553e-01
 -2.0499240e-01
 -9.9880435e-02
  2.5002971e-02
 -6.1695883e-03
 -4.0068336e-02
  5.5297956e-02
  5.0521098e-02
 -5.2212710e-03
  5.4929070e-03
  1.0352501e-01
  2.0383313e-01
  1.7527169e-02
  7.7105939e-02
 -9.9851459e-02
  6.3569343e-01
 -1.8023297e-02
  4.5628831e-02
 -1.1872726e-02
 -1.0721800e-01
  1.9705354e-01
 -1.7939363e-01
  1.9989384e-02
 -2.5943643e-01
  1.9151983e-01
 -1.7181721e-01
  1.4026253e-01
  5.7954006e-02
 -1.8265907e-02
 -4.3596998e-02
 -2.3282936e-01
  6.8758637e-02
  1.4173695e-03
  4.8229359e-02
 -1.4873999e-01
 -6.6743679e-02
 -1.7514549e-01
 -8.9612528e-04
 -2.2537574e-01
  3.3415455e-02
 -2.0534124e-03
  6.2242791e-02
  2.1752637e-02
 -7.8924075e-02
 -4.6910394e-02
 -2.9126918e-01
 -6.7904033e-02
  9.8372214e-03
  5.9145957e-02
  1.1964183e-01
  6.3824346e-03
  2.3261329e-02
 -8.6763408e-03
  1.5654966e-02
 -6.3519776e-03
 -4.3154124e-02
 -2.0978834e-02
  1.6463223e-01
  8.5857756e-02
  1.7434600e-01
 -2.1556795e-03
 -4.0855471e-02
 -3.0851463e-02
 -8.5658476e-02
  2.4185127e-01
  6.2560678e-02
 -1.3843051e-01
 -1.1089642e-01
  3.2246034e-03
  6.0463876e-02
 -5.0170124e-02
  4.2810898e-02
 -6.5235533e-02
 -3.4543615e-02
 -1.4816865e-01
 -4.0614288e-02
 -3.6400639e-02
  1.0891491e-01
 -1.5100256e-01
  2.7912987e-02
  1.4197926e-01
 -5.7432454e-02
 -4.5289792e-02
  4.6329363e-03
 -1.2484291e-03
  1.2394956e-01
  4.3846802e-03
 -8.1148185e-02
 -2.7227432e-03
  4.1191433e-02
  8.4655575e-02
 -1.7738202e+00
 -5.0516363e-02
  3.2333679e-02
  7.2656691e-02
  1.5814988e-01
 -7.5247735e-02
 -5.2077428e-02
  1.0382074e-01
 -9.9680342e-02
 -2.0147546e-01
  9.9592954e-03
  6.6890538e-02
 -6.5200046e-02
  3.4329552e-02
 -3.7488207e-02
 -3.7431017e-02
  3.6658326e-03
  4.3275736e-02
 -1.7689085e-02
 -5.2689873e-02
 -1.3571347e-01
  4.3429751e-02
  1.5473907e-01
  2.0803422e-02
 -2.4991494e-04
  2.8883213e-02
  4.6938930e-02
  9.0169930e-04
  6.2883474e-02
 -2.3543878e-02
 -3.0221837e-02
  9.6680922e-03
  1.1806804e-02
  2.9105740e-02
 -1.1112649e-03
  1.8574786e-01
  8.3105445e-02
 -1.1771717e-01
  5.1317416e-02
  5.8676060e-02
 -1.3531867e-01
  2.7905898e-02
 -4.1284613e-02
  6.6152766e-02
  9.5219873e-03
 -5.8485582e-03
 -1.0920951e-01
 -2.9791468e-01
  1.9760914e-02
 -4.2870112e-02
 -1.5957033e-02
  2.3008283e-02
 -2.4041161e-01
  3.4029931e-03
 -3.8448595e-02
 -7.4263728e-01
  3.8997235e+00
  8.8893056e-01
 -2.5017577e-01
 -2.1390872e-01
  7.7722752e-01
 -1.2884765e+00
  8.5608459e-01
  1.9289993e+00
  3.2245593e+00
  2.9159281e-01
  9.5797569e-02
  2.6586774e-01
  1.1607658e+00
  1.2054994e-01
  1.2744378e+00
 -2.5080903e+00
  1.7940183e-01
  1.9883753e-01
  7.7252537e-01
 -1.0407078e-01
  1.8316960e-02
 -1.5115093e+00
 -4.7253880e-01
  2.7452311e-02
 -6.1372972e-01
  1.3012965e+00
  6.4194852e-01
 -1.7627589e+00
  1.2770265e+00
 -3.5309151e-01
  1.4376037e+00
  2.0316213e-01
  6.0463152e-03
  1.2866548e-01
  5.1353806e-01
  5.7953316e-01
  1.7962654e-01
 -8.3131447e-02
 -7.2470807e-02
 -3.1664801e+00
  3.1601080e-01
  5.7892084e-02
  8.6740392e-01
 -6.6572544e-03
 -9.2211105e-03
 -3.6484897e-01
  1.3543621e-02
  1.0572190e-01
 -4.7529978e-01
  1.5843560e-01
  8.8925827e-03
  4.6473090e-02
 -6.5856829e-02
  4.3632598e-03
  2.3262933e-02
 -8.9742325e-02
  2.3577578e-02
  1.0079341e-01
  1.4104638e-01
 -1.2882840e-02
  1.2245812e-02
 -9.7360887e-02
 -9.1884568e-02
  1.2655754e-01
  7.1701288e-02
  1.0101917e-01
 -3.7951831e-02
  1.6598158e-02
  1.1480099e-01
  7.8980677e-02
 -1.7750096e-01
 -2.6325261e-02
 -6.6579096e-02
 -2.3682138e-02
 -4.4426870e-02
  1.9440077e-01
  2.6124280e-02
  3.6876560e-03
  6.5500736e-02
 -9.9165410e-02
  2.1158962e-03
  5.7710472e-02
 -3.0840913e-02
  2.8466487e-02
  1.1599670e-01
  3.1007057e-01
  2.6736895e-03
 -6.6895187e-02
  1.6094504e-02
 -4.8546504e-02
 -5.7777703e-02
  2.6880132e-02
  1.4133013e-02
 -8.0977164e-02
  5.5217501e-02
 -8.3799347e-02
  2.8518295e-02
  7.3365793e-02
 -5.0236322e-03
 -1.1879893e-01
  2.9433919e-02
  4.2498820e-02
 -3.4844425e-02
  9.1682017e-02
 -7.7985063e-02
  1.7425010e-01
  5.4261070e-02
  6.3729331e-02
 -3.0702570e-02
 -6.8400633e-03
  5.6994636e-02
  5.1709436e-02
  4.5140870e-03
 -5.9354253e-02
 -1.1091251e-02
  7.9399429e-02
 -2.6207620e-02
 -1.2057165e-01
  4.9095038e-02
 -7.8777827e-02
  8.9568458e-02
 -1.0261495e-01
 -2.6106337e-02
 -2.3331121e-01
 -5.4469507e-02
 -1.5621442e+00
  1.9715859e-01
  1.3063954e+00
  1.4688513e-01
  3.9163271e-01
 -3.0955577e-01
  9.1512907e-01
  4.8290350e-02
  2.5946620e-01
  2.9237652e-01
  3.9657256e-01
  9.4353400e-02
 -3.6635408e-01
  2.7428757e-02
 -8.6704588e-01
 -1.4989972e-01
 -2.5290725e+00
  1.7286444e+00
 -8.4878159e-01
  1.9547775e-01
 -1.4692943e-01
 -5.2796464e-02
 -2.2776253e+00
 -1.8238646e-01
  5.8664668e-01
  5.0584352e-01
  4.6350753e-01
  2.3589487e-01
 -3.8454288e-01
 -1.5837869e-01
  1.4361915e-01
 -1.9734282e+00
  1.5991469e-01
 -1.5875462e-01
  4.8909622e-01
  2.6500061e+00
 -2.2546185e-02
 -5.3384304e-01
  1.2647443e-02
  4.6017621e-02
 -8.8998556e-01
  1.2039743e-01
 -3.5017318e-01
  1.6277081e-01
 -1.4836259e-01
  9.7515620e-02
 -3.2228143e-03
  2.4358277e-01
  4.8647549e-02
  2.4891992e+00
  8.2708158e-02
  8.4193803e-02
 -5.4515475e-01
  7.1607297e-03
 -2.3011281e-01
 -7.8912109e-01
 -1.1113905e-02
  2.5836702e-02
 -2.7413787e-02
  1.6318381e-01
 -1.1232761e-01
 -5.9576675e-02
 -3.6588702e-02
  1.3254117e+00
 -2.0744405e+00
 -1.1197916e-01
 -3.9251462e-02
 -7.9161227e-01
 -1.6038946e+00
 -1.0227439e+00
 -3.8357865e-02
 -1.0587358e+00
 -4.5351014e-01
 -3.6266470e-01
  1.2122360e-01
 -6.4216632e-01
  1.4216635e+00
  5.6795031e-02
  2.1353283e-03
 -8.4799314e-01
  9.8653924e-01
  2.4261266e-02
 -9.8330659e-01
  1.2025394e+00
  1.2513218e+00
 -9.3121773e-01
  3.2265732e-01
  6.5995999e-02
 -1.7520370e-01
  2.6155567e-01
 -1.3671693e-01
 -6.4910424e-01
 -6.4742011e-01
  8.2746691e-01
  8.0352940e-02
  1.2111090e+00
  1.6837258e+00
 -3.1197991e+00
 -2.6384190e-01
 -3.9957806e-01
 -3.2615971e-02
  1.6123211e-01
 -9.5872683e-03
  3.5706595e-01
  4.1739842e-01
  1.2064505e-01
 -4.2733511e-01
  1.0028042e+00
  7.2862320e-02
 -1.1062410e-01
 -2.4145983e-02
  4.2691585e-03
  2.3111658e+00
  3.0482145e-02
  9.2667744e-02
  2.9467937e-01
  7.1248077e-02
  3.8242370e-02
  4.4332448e-02
 -5.5148238e-03
  6.5456666e-02
  9.2578642e-02
 -1.2004945e-01
  1.6051594e+00
  5.1345685e-03
 -1.1122918e-01
 -1.6869770e+00
 -3.3114502e-01
  2.6300613e-02
  5.3873500e-03
  2.9706347e-01
  1.9570088e-02
 -1.4393364e-02
  4.8443174e-01
 -1.2735234e-01
 -7.6279952e-03
  4.3403454e-02
 -2.2215105e-03
 -5.5220652e-02
 -1.8561712e-02
 -1.1347316e-01
 -2.3544135e-02
 -2.6640263e-01
 -3.0548293e-02
  1.1733297e-02
 -2.0613128e-01
  1.7592032e-01
 -6.7490883e-02
  1.0085843e-01
  1.3026041e-01
  3.0495103e-02
  5.1652953e-02
  4.2202596e-02
  9.7346589e-02
 -1.4114290e-01
  9.2112152e-03
  4.5478005e-02
  1.2830923e-01
  1.4334059e-02
 -3.5856274e-04
 -6.5483660e-02
  6.3633743e-05
 -3.6559172e-02
  1.6083924e-01
 -4.7362629e-02
  2.9675518e-03
 -1.4087143e-02
 -2.3757273e-02
 -1.5117987e-01
 -1.4395408e-01
 -6.5939508e-02
  5.3900084e-03
 -6.9391914e-02
  1.5631057e-01
  4.6681329e-03
 -4.6502568e-02
 -4.2463817e-02
 -7.0407026e-02
 -4.0145025e-02
  4.9972553e-03
 -4.1965358e-02
 -9.8699220e-02
  3.7506644e-02
  2.1914240e-02
  1.4795834e-01
  3.1124704e-02
  4.6962779e-03
  4.3286886e-02
  1.7025010e-01
  9.7054881e-01
  1.3074125e+00
  5.4189775e-02
 -1.4089031e+00
  1.9907413e-01
 -4.9634656e-01
 -1.2508307e-02
 -5.9435207e-01
 -4.7903055e-01
 -4.9072155e-01
 -5.1518615e-02
 -6.5852985e-02
 -7.6500247e-03
  1.1120344e-01
  3.9515905e-03
  1.6542959e-03
  1.6804088e-02
  1.1724550e-01
 -3.5572622e-02
 -6.4417727e-02
 -3.8943429e-02
 -7.2405241e-02
 -1.6800653e-02
 -3.3127196e-02
  7.2854045e-03
  4.5829460e-02
 -6.7929119e-02
 -1.1950231e-01
  3.8739197e-02
  2.8390321e-01
  4.4984408e-02
  3.6590312e-02
  5.6158258e-03
  4.8910376e-02
 -2.1772601e-01
 -1.6301932e-03
 -1.3954747e-01
 -2.1810362e-02
  4.2215168e-01
  4.1944779e-02
  9.1425247e-02
  4.6978915e-01
  4.7431003e-02
  9.8962337e-02
  2.9433954e-01
  6.7416844e-03
  3.2759237e-03
 -4.0574420e-02
  2.9384438e-02
  6.4871228e-01
  1.3484015e-01
  4.5085225e-02
 -1.1050222e-01
 -4.1222721e-02
 -6.2777251e-02
  6.5828420e-02
 -4.0971201e-02
  3.4414589e-02
 -3.4030300e-02
  4.4068649e-02
  4.5788504e-02
  3.2037351e-02
 -2.9706249e-02
  4.5931357e-01
  1.0605606e-01
 -6.0422108e-02
  2.7799818e-01
 -1.8645418e-01
  1.8430504e-01
  6.3578859e-02
 -4.0808789e-02
  1.8762816e-01
  6.7004333e-03
 -8.2718022e-02
  3.2346892e-01
  8.7521382e-02
  7.8042112e-02
  4.8254598e-03
  6.3251249e-02
 -4.5342196e-02
 -1.0978271e-02
 -3.8861670e-02
 -2.3540269e-01
 -1.4462857e-02
 -9.0926951e-03
 -2.4852107e-01
  2.1925216e-04
 -3.4924950e-02
 -9.2160302e-01
  5.8278155e-02
  8.5701337e-03
  1.4149523e-02
  4.6046279e-02
 -5.7653818e-02
 -5.4985851e-02
  1.0969239e-01
  2.9485300e-01
 -3.6224969e-02
 -1.9059657e-01
  3.2583308e-01
  9.4197821e-03
 -3.2354260e-03
 -3.8940303e-02
  1.6267499e-02
  5.2966390e-02
  3.5231980e-03
 -6.7571647e-02
 -1.4553796e-02
  1.7707171e-02
  6.8665095e-02
  6.6162581e-03
 -1.1515259e-01
  2.3084031e-02
  1.4164072e-02
 -1.3105794e-02
  4.0483240e-02
 -1.4132306e-01
 -4.2022813e-02
  6.4986102e-02
  8.2750209e-03
 -1.6338070e-01
 -2.7358934e-01
 -3.1842552e-02
 -2.0177487e-02
 -1.6222119e-01
  4.7467179e-03
  2.4225593e-03
  1.1036379e+00
  3.7881908e-01
 -8.6142765e-03
  1.9018440e-01
  1.0355645e+00
  1.0999631e+00
 -8.8887119e-01
  2.9311707e-02
  1.3463248e-02
  3.2061398e-02
  8.2404457e-02
 -1.8566445e-02
  1.6285017e-01
 -4.0631514e-02
 -5.8216308e-03
 -4.1917336e-01
  1.4972158e-01
  1.2788373e-01
  9.1570444e-02
  3.2508762e+00
 -5.8741592e-02
 -3.4923694e-01
 -3.7167269e-01
 -1.3819090e-01
 -2.7071869e-01
  1.3356915e-01
 -5.9750639e-02
 -9.5895267e-01
 -2.8177338e-02
  2.2267640e+00
  1.0917344e-01
 -1.5717743e-01
 -5.2821387e-02
  3.7140694e-02
  1.0433209e-01
  2.5337975e-02
  1.8729839e-01
  3.3238295e-01
  1.4084207e-01
 -1.0239637e-02
 -1.6107723e-01
  5.2195400e-02
  1.7908671e-01
  1.1767094e-02
  1.1259799e-01
  1.1359200e-02
 -8.5119143e-02
 -5.4799914e-02
 -4.9865890e-02
  7.4052751e-02
  2.5258413e-02
  3.8870856e-02
  2.1681733e-02
 -1.0949382e-01
 -4.4961866e-02
  1.2247600e-02
  3.8169108e-02
 -2.3039828e-01
  7.8977250e-02
 -7.2100066e-02
  3.5545237e-02
 -5.6224704e-02
 -4.2321917e-01
 -1.4886877e-01
  4.2741862e-01
 -6.4746072e-03
 -1.4057023e-02
 -2.5346174e+00
 -1.5153702e-01
  5.7823163e-02
  8.9000892e-03
  8.9330198e-03
  6.0300380e-02
 -1.2965102e-01
 -8.4200434e-02
  1.5569036e-01
  1.2973940e-01
  2.2589220e-02
  3.0799063e-02
 -2.6425529e-02
 -1.9897152e-02
 -9.5610967e-04
  4.0629588e-02
 -4.0084105e-02
  1.3805982e-01
 -3.6823470e-02
 -6.5226533e-02
  2.8461516e-01
 -1.5986636e-01
 -6.5966085e-02
 -8.4880635e-04
 -2.7959220e-02
  3.6949776e-02
 -1.3447139e-01
 -7.1779862e-02
 -3.4788616e-02
 -8.5015506e-02
 -7.1870692e-02
  2.1812988e-02
  8.7211959e-02
 -1.7369008e-01
  1.3839789e-02
  2.1250497e-01
 -7.0795310e-03
 -5.0284415e-03
  1.9089175e-02
 -2.0620881e-02
  2.4890841e-03
 -1.1472958e-01
  1.1289200e-01
 -8.0102369e-02
 -3.5235733e-02
 -1.1519809e-01
 -4.7609732e-02
  1.5882367e-01
 -1.1346427e-02
 -7.4940450e-02
  2.6286730e-01
  2.4820214e-02
  1.3973506e-02
 -8.5079789e-02
 -2.2846024e-02
  2.8920118e-02
 -3.8215030e-02
  2.9217359e-02
  2.9392278e-01
  1.8217703e+00
  1.5358809e-01
 -1.0325663e+00
  3.3966504e-02
  2.0317338e-01
  1.3020128e-02
 -1.3632573e+00
  1.0060038e-02
  1.4755769e-01
  7.3300563e-02
  5.7480556e-01
 -6.9636625e-01
  4.1084252e-02
  7.9888284e-02
  7.1882170e-01
 -3.6603382e-01
  5.6202199e-02
  1.8028663e-02
 -2.7997367e-02
 -1.5347110e+00
 -6.7905444e-01
  2.8108147e-01
  1.5032598e-01
  2.0881267e-01
  3.1335497e+00
  7.8515047e-01
  3.3887368e-01
 -3.5000540e-02
  6.2281251e-02
 -6.5569413e-01
 -1.6049823e-01
  9.2380308e-03
  5.5656165e-02
  1.8495929e+00
  2.9138854e-01
  9.8815113e-02
  6.2814608e-02
 -3.1405319e-02
  3.0618399e-01
  2.1460032e-02
 -7.1218187e-01
 -1.1125789e-01
  7.7140814e-01
  1.8756120e-02
 -5.3785373e-03
 -2.3192570e-02
 -4.1711954e-03
 -1.1146073e-02
 -4.6923362e-02
  1.0218474e-01
  6.5063961e-02
 -1.9604117e-03
 -2.9205894e-01
 -2.1347374e-02
 -7.7263534e-02
  7.4166246e-04
 -3.4324508e-02
  1.5451637e-01
  6.3404045e-04
 -2.0036347e-02
 -9.3718559e-02
 -6.7494318e-02
  4.1850396e-02
  2.2141626e-02
 -9.5814010e-03
 -4.1782733e-02
 -7.0236534e-02
  6.4004585e-03
  6.6981948e-04
 -9.6852297e-04
  5.6715015e-02
 -7.9811951e-03
 -9.3755618e-02
 -9.9931434e-03
 -5.2680499e-03
  1.1245935e-01
  1.2369581e-01
 -1.0418537e-01
 -8.6366519e-04
  6.6394798e-02
 -2.7832096e-02
  9.5463812e-02
  1.2779814e-02
 -1.1854519e-01
  1.0910080e-01
  1.6027687e-02
  1.3105987e-02
 -2.6551440e-01
  9.3103731e-03
  1.2872426e-01
  2.5284488e-02
 -8.7989622e-04
 -1.1530495e-02
  2.5882390e-01
 -8.0963515e-02
 -3.7150078e-02
  1.2327557e-02
  5.9198141e-02
 -1.3541697e-02
 -1.5336484e-01
  1.4385921e-01
 -1.2626007e-01
 -3.7613338e-01
  6.2093227e-03
  6.3355133e-02
 -7.4340641e-02
  2.8332949e-01
  5.2229043e-02
 -8.9066714e-02
  9.3209697e-03
 -6.2862679e-02
  1.5543965e-02
 -1.2894172e-02
 -7.4826568e-02
 -1.4920226e-02
 -1.6971165e-03
  3.9255746e-02
  1.8032672e-02
 -1.3499159e-01
  7.6459453e-02
 -1.9402530e-02
  3.8241517e-02
 -8.1951208e-03
  1.0624889e-01
  4.5772865e-03
  7.5738484e-01
  4.1886482e-01
  3.6595872e-01
  3.2593301e-01
 -1.1375748e+00
  3.7276678e-02
 -1.4930470e+00
 -3.9174202e-01
  5.8576602e-01
 -5.9459627e-01
  6.1425722e-01
 -1.5456719e+00
 -5.7194982e-02
  9.9173570e-01
  7.7685261e-01
 -3.1259066e-01
  8.3257072e-02
 -3.0289298e-01
 -1.0425719e+00
 -1.6189303e-01
 -2.0949056e+00
 -1.9069782e-02
 -1.4341444e+00
  1.2003435e+00
  9.2619598e-02
 -1.5091672e+00
 -1.3172467e+00
 -1.1137261e-02
 -1.2693338e+00
 -5.7712722e-01
 -4.1585140e-02
 -4.9056682e-01
  1.1960102e+00
 -3.4776309e-01
 -3.8270001e+00
 -2.5388668e+00
  3.0007536e-02
 -1.1485728e-03
 -9.5148675e-02
 -1.2398304e+00
 -1.7833956e+00
  1.2613031e-01
 -2.8473362e-01
 -1.6597482e+00
 -2.8010505e-01
  2.0009077e-01
  1.1707893e-01
  1.3257873e-01
  2.9385734e-02
 -6.6769463e-01
 -3.5615146e-01
  1.5330750e-01
 -1.4378319e+00
  2.1014171e-02
 -4.2314123e-02
  2.0018974e-01
 -3.2494184e-02
  6.9892749e-02
 -1.1605038e-01
 -9.7579263e-02
  9.8912708e-02
 -4.8867293e-02
  5.4796718e-02
  2.9561148e+00
 -1.2162217e+00
  4.5643337e-02
  1.7917910e-01
  7.6553941e-02
 -1.5222338e-01
 -8.8344699e-01
  9.7053218e-01
 -4.4841611e-01
 -1.8346335e-01
 -7.3186344e-01
  1.1439235e+00
 -4.1377085e-01
  8.2188225e-01
 -4.2992692e-02
  3.1421710e-02
  9.2035657e-01
  1.9571811e-01
 -1.5306890e-01
  1.5225574e+00
 -3.6267647e-01
  1.3304842e+00
 -3.5195373e-02
 -1.1818669e+00
  9.5382323e-03
  6.0860246e-02
  1.4086217e-01
  1.9026222e-02
  2.5013188e-02
 -7.3777437e-02
 -9.8514420e-01
  2.7123054e-02
  2.5969693e-01
  1.7768209e-01
 -6.5808790e-03
 -1.5072196e+00
  3.4887135e-02
 -8.0003783e-02
 -8.0780655e-01
  2.1536250e-01
  2.9720159e-02
 -1.1710358e+00
 -1.3972633e-01
  1.2527798e+00
 -4.5695499e-02
  6.3632900e-01
  1.0300446e+00
  2.6337564e+00
 -3.6678605e-02
 -1.0828276e+00
  1.2625089e+00
 -1.0328650e+00
  1.5478788e-01
  1.5733238e+00
 -4.7801552e+00
  2.7311736e-01
 -8.1923467e-01
 -7.3257633e-03
 -4.1987057e+00
 -2.9092636e-02
  8.1772381e-01
  1.2451444e+00
  2.5335616e-01
 -9.3978024e-01
  7.6798634e-03
 -1.8786302e-01
 -3.1548753e-01
  2.5306115e-01
 -8.1838541e-02
 -5.5330944e-01
 -4.6370098e-01
  2.8951981e+00
  3.7117459e-02
  1.4762628e-01
  5.4089967e-02
 -1.4422892e-01
  6.4946085e-02
  1.5863188e-01
  2.8750181e-01
  4.9237564e-02
 -1.7150191e+00
  3.2484345e-02
  3.7915212e-01
  3.6351025e-02
 -1.5151273e-03
 -4.3203795e-01
 -9.1401786e-02
 -7.1666441e-03
  5.8756107e-01
 -4.6252325e-02
 -1.8366787e+00
  2.0943263e+00
 -1.7466189e-01
 -2.2424231e-01
  2.1656311e-01
  2.8035197e-01
  9.3414910e-02
  1.1712177e+00
  4.6018470e-02
 -9.4800091e-01
 -1.3724169e+01
  1.8953639e+00
 -5.1893777e-01
  9.8501468e-01
 -1.9637167e+00
 -6.3885111e-01
  1.3969314e+00
  1.8580852e+00
 -2.1127264e-01
  2.3625607e+00
 -8.9617372e-01
 -9.2169845e-01
  3.7260947e-01
  4.0378422e-01
 -8.2824457e-01
 -1.2584943e+00
 -1.7858197e-03
  1.5641415e+00
  1.6972618e-01
  4.4781962e-01
 -2.8943136e+00
  1.2345258e+00
 -6.8826038e-01
  1.4829458e+00
  1.2622924e-01
 -1.2256149e+00
  5.9947497e-01
  2.2478313e+00
 -6.6431367e-01
 -5.1454240e-01
 -3.3433280e+00
  1.9385173e+00
  9.6357304e-01
  5.2687031e-01
  2.6677542e+00
  1.1068056e+00
 -3.0871505e-01
 -7.9265624e-02
  3.5305686e-02
  5.3287375e-01
 -4.0078598e-01
  4.0298567e+00
 -9.5457113e-01
 -7.7521247e-01
  2.0173178e+00
  2.7430320e+00
 -2.2479005e+00
  2.7596405e+00
 -1.9906595e-01
  1.2061805e+00
 -4.6181482e-01
  1.9988370e+00
  1.0294031e-01
 -4.9736732e-01
 -9.2537269e-02
  6.0924101e-01
  4.8598728e+00
  2.0629482e-01
 -2.3426199e+00
 -1.1910136e+00
  1.3041562e+00
  1.1084980e+00
 -1.0888604e+00
 -2.7663205e+00
 -1.4782228e-01
  7.5907826e-02
 -2.3690932e+00
 -1.3610070e+00
 -1.4470189e+00
  8.5905239e-02
  6.2171322e-01
 -1.1102673e-01
 -6.3833719e-01
  2.3185019e+00
 -1.1259503e+00
 -1.8424152e+00
 -2.1100497e+00
 -7.2285444e-01
 -7.6552176e-01
 -4.4023198e-01
 -1.0694234e+00
 -2.5087101e+00
 -6.4542603e-01
  9.8428953e-01
 -2.3687290e-01
 -9.9742591e-01
  3.5013461e-01
  2.2390172e+00
  2.2493014e+00
 -9.3511516e-01
 -1.2806493e-01
  1.1759987e-01
  9.2586958e-01
 -7.1916342e-01
  1.8525258e-01
  2.5660792e-01
  9.8943627e-01
 -2.1667627e-01
  4.1310444e-01
 -1.5656683e+00
  7.2011000e-01
 -2.2607548e+00
 -1.9633110e-01
 -4.8740968e-01
  1.6357342e+00
  7.6744437e-01
  5.7369187e-02
  2.5716004e-01
  3.3221728e-01
 -2.4636836e+00
 -5.5395742e-04
 -5.2009469e-01
  1.7784600e+00
 -3.5032970e-01
 -9.3499094e-02
 -7.1522152e-01
 -1.0593421e-01
  1.7654037e+00
 -4.2003176e-01
  1.5434080e+00
 -4.8555899e-02
  3.6140389e+00
  1.9930182e-01
  3.8457900e-01
 -7.6157635e-01
 -2.0166140e+00
  1.6249838e-01
  1.1426387e+00
 -5.5132368e-05
  1.7589859e+00
 -3.3820838e-01
  5.0998139e-01
  7.5945395e-01
  1.9538928e-02
  5.9922183e-01
  2.4024746e+00
 -2.8022772e-01
  5.5395555e-01
  1.1084179e+00
  3.9784420e-01
 -5.5207741e-01
  2.4300589e-01
  3.6415198e-01
 -1.5110549e+00
 -9.9345291e-01
 -2.2210393e+00
  1.7120594e+00
  8.6361700e-01
 -1.7112520e+00
 -1.4287430e+00
  2.1269455e+00
  6.8233013e-01
 -1.7372744e+00
  2.8087795e-01
 -9.3112928e-01
  1.5741183e+00
  1.3610624e-03
 -4.5781542e-02
 -2.0121427e+00
 -3.0077517e+00
 -4.4215727e-01
 -3.3090624e-01
 -2.3504043e+00
 -1.9746091e+00
  2.6293540e-01
 -2.9810873e-01
  1.6334366e+00
  8.1854230e-01
  7.3078230e-02
  2.2555037e+00
  8.3501971e-01
 -3.1988960e-02
  1.4194858e+00
  2.8640637e-01
  7.0579928e-01
  1.7945771e+00
  1.3969243e+00
  1.3188983e+00
  6.6706443e-01
  4.9526963e-01
  1.1386062e+00
  8.2182691e-02
 -9.1139145e-02
  2.1383748e+00
  6.8396205e-01
 -7.4890739e-01
 -1.4594366e-01
 -8.8083220e-04
  3.9753088e-01
 -2.1016045e+00
 -2.0725015e-01
  7.0489770e-01
 -1.2189630e+00
 -9.8571521e-01
  2.3862292e-01
 -7.7064502e-01
 -4.1343731e-01
  1.0997960e-02
 -3.2703314e-02
 -2.0995102e+00
  8.7853932e-01
  9.0486127e-01
 -3.5422623e-01
  5.5943616e-02
  1.1348180e-01
 -8.6803883e-01
 -3.2958690e-02
  7.7199221e-01
 -1.7224277e+00
  5.3920174e-01
  3.2578387e+00
  2.2042948e-01
 -1.8776546e+00
 -1.5981694e+00
 -2.8358912e-01
 -1.0129677e+00
 -9.1534734e-01
  3.9908430e-01
  1.7768108e+00
  1.1819397e+00
  8.2029009e-01
 -4.0841947e+00
  2.8578624e-01
  4.2957726e+00
 -5.8487999e-01
  8.7147224e-01
 -1.2309319e+00
 -4.8973737e+00
  3.8253324e+00
  4.2218333e-01
 -8.5489571e-01
  2.4392414e-01
 -1.0474528e+00
  8.6191952e-01
  5.3898901e-01
 -5.2954119e-01
 -1.8330429e+00
  1.6189925e-01
 -6.2890935e-01
  7.0743316e-01
 -3.7599564e+00
  3.4108666e-01
 -1.4401851e+00
  2.1465394e+00
 -2.1149158e+00
 -1.3751875e+00
  1.7373626e+00
  2.2858225e-01
 -1.9789079e-01
 -1.0736150e+00
  1.5414609e+00
  9.4088531e-01
  6.8213981e-01
  1.2676854e+00
 -2.9552226e+00
 -5.2418333e-01
 -1.6374915e+00
 -1.2770685e+00
  2.4011247e-02
  6.5263355e-01
  1.1506157e-01
 -1.3920593e+00
 -5.0203681e-01
 -1.7172512e+00
  1.2394547e-01
  4.2590186e-01
 -7.7923387e-01
 -1.3316177e+00
 -3.8891083e-01
  1.0222926e+00
  4.8595241e-01
 -7.6637554e-01
 -1.3469678e+00
  1.5794484e-01
 -1.1832663e+00
  3.6124933e-01
 -9.8100126e-02
 -8.0148304e-01
  1.0041459e+00
  2.9205043e+00
 -4.1258770e-01
  3.8649300e-03
 -5.1564085e-01
  1.1766355e+00
  2.7807897e-01
  6.1979353e-01
 -4.5491093e-01
  5.4163136e-02
 -2.9371753e-01
 -3.2576197e-01
 -1.9319010e+00
  6.1380696e-01
 -2.1263852e+00
 -9.5242345e-01
 -2.5003164e+00
 -3.8091428e+00
  2.0452981e+00
  1.0698816e+00
  1.4951870e+00
 -1.1548916e+00
 -9.3266678e-01
 -2.2914248e+00
  2.3376980e+00
  1.9842930e+00
 -1.9990604e+00
  1.1923400e+00
 -3.2211626e-01
  1.4136821e-01
 -8.2562780e-01
 -1.7649885e-01
  8.8118893e-01
 -2.2500117e+00
  5.3112048e-01
  8.9888030e-01
 -1.4073508e+00
  9.9925292e-01
 -8.6982854e-02
 -2.8689884e-02
  9.6747857e-01
  8.4734684e-01
  9.1438127e-01
  6.0133410e-01
  1.8844237e+00
  1.4137654e+00
  1.3733861e+00
  1.1665172e-01
  1.8842328e-02
 -5.3445411e-01
  1.8939738e+00
 -1.8404011e+00
 -9.8433393e-01
  3.5959235e-01
  1.3441588e+00
  5.7579283e-02
 -1.7814316e-01
 -7.7534544e-01
 -1.8830261e+00
  1.9702644e+00
 -3.2775059e-01
 -1.6869364e-02
 -3.9414683e-01
  4.7057280e-01
  1.5049558e+00
  5.2278161e-01
  4.0016165e+00
 -9.4551545e-01
  2.4393847e+00
  8.3547515e-01
 -1.8580265e-02
 -1.3304113e+00
  3.6177409e-01
 -2.7685896e-01
 -8.2262766e-01
 -6.6692799e-01
 -1.1682452e+00
 -7.3688179e-01
  2.4038076e-01
 -1.9657095e-01
 -1.8548832e+00
 -7.0361596e-01
  2.1571631e+00
 -2.8626150e-01
  1.4360090e+00
 -1.1799931e-01
  1.8058455e+00
 -1.0387709e+00
 -1.7025421e+00
 -1.3260683e+00
 -9.4814843e-01
  2.7978097e-03
  3.2225400e-01
  5.7023662e-01
  1.3725994e+00
  1.2930261e+00
 -1.7328124e-01
 -1.0576724e+00
 -5.5333191e-01
  4.2837963e-01
  1.2854835e+00
 -1.6118178e+00
 -6.2488705e-02
 -5.7613850e-02
 -1.3397290e-01
 -1.2042009e+00
  1.4690830e-01
 -9.8086029e-01
 -1.2400290e+00
  9.5427227e-01
 -8.6148167e-01
 -8.3830160e-01
 -9.2521346e-01
  9.9346578e-01
 -1.6430165e+00
 -6.0189861e-01
  1.1879318e+00
  4.5704564e-01
 -2.0759441e-01
  1.1023989e+00
  2.6783546e-02
 -1.8711111e-01
 -6.2493098e-01
 -4.8125520e-01
 -2.8343825e+00
 -2.8717296e+00
 -6.3900554e-01
 -2.3458229e-01
 -1.7525296e+00
 -1.1547897e+00
  7.2909969e-01
 -3.9057940e-01
  2.5628455e+00
  7.6269704e-01
  6.4829290e-01
 -2.9746929e-01
  3.9962857e+00
  1.9667176e+00
 -1.2522771e+00
 -9.4129801e-02
  3.2324438e+00
  1.7634982e+00
 -5.7840747e-01
 -9.7776979e-02
 -2.2541711e+00
  4.2612228e-01
 -1.7754306e+00
  2.6528638e-02
 -4.3428888e+00
 -3.6262229e-01
 -8.0755943e-01
  3.9181419e-02
 -2.8880620e+00
 -5.0172526e-01
 -3.7414053e-01
 -1.1543767e+00
 -2.0902152e+00
  3.7062472e-01
 -1.6955683e-01
  3.9361667e-02
 -1.0668168e+00
 -5.4022741e-01
  3.5038166e-02
 -7.8268874e-01
 -1.0238677e+00
  4.0203142e-01
 -8.7251127e-01
  1.9560230e+00
 -1.7754532e+00
  8.8160330e-01
  3.5420012e-02
 -3.5372341e-01
  7.2164905e-01
 -5.6157249e-01
  4.2793429e-01
  2.0239224e+00
 -1.5410227e+00
 -1.3329568e+00
 -1.0374901e+00
  1.1211734e+00
 -4.6526024e-01
 -2.9401153e-01
 -2.2074945e+00
  1.4520618e+00
  1.4802261e-01
  1.2547323e+00
 -2.8167519e-01
  2.9631931e-01
  9.2317790e-01
  7.9072767e-01
  1.1489124e+00
  3.1700091e+00
 -3.8188684e-01
  9.3224418e-01
  4.2172998e-01
 -1.7574413e+00
 -1.6048446e+00
  3.0883870e+00
 -1.7202127e-01
 -1.6303946e+00
 -3.7338218e-01
 -2.4773009e+00
 -2.6842469e-01
 -1.8603133e+00
  8.1496799e-01
 -3.3094351e+00
 -2.2257154e+00
 -8.0667567e-01
  5.7587504e-01
 -7.0760328e-01
 -2.7398629e+00
 -2.9917678e-01
 -1.0045595e+00
  2.5981920e+00
  8.5398041e-02
 -3.1942847e-01
  2.8354725e-01
  2.1153052e+00
  1.2068682e+00
 -5.6126279e-01
  1.3160222e+00
  1.0640055e+00
  3.4181181e-01
 -3.7816980e-01
  1.5442419e+00
 -1.8779974e-01
 -1.8799452e-01
  8.1312126e-01
  9.9195647e-01
  4.0012788e-02
 -2.4409123e-02
  1.3026321e+00
  3.1266791e-01
  1.7245131e+00
 -2.2982951e-01
 -1.2169346e+00
 -1.0016179e+00
 -5.5665296e-01
  1.0608689e+00
 -1.7790004e+00
 -2.7235785e+00
  2.5784451e-01
 -1.5457927e+00
 -8.0797948e-02
  2.7150428e+00
 -1.2686225e+00
 -1.1145194e+00
  5.3343058e-01
  5.2363080e-01
  2.0998926e+00
  1.8341148e-01
  1.7272879e+00
 -4.4395626e-01
  3.9980990e-01
 -2.7831116e-01
  9.7600394e-01
 -7.3560494e-01
 -3.4143141e-01
 -6.8944627e-01
  5.9157854e-01
  5.6551862e-01
 -1.5668691e+00
 -1.2790364e-01
  1.3727837e+00
  1.5183221e+00
  9.6186614e-01
  1.5820857e+00
  1.8752698e+00
 -1.1254162e+00
  1.3511461e+00
  1.1249445e-01
 -8.2879001e-01
 -1.2724049e+00
 -6.1321461e-01
 -2.4163325e-01
 -1.8057194e+00
  3.1646255e-03
 -4.1536561e-01
 -1.2136877e+00
 -2.7975222e-01
  3.7586939e-01
 -4.8612991e-01
  4.2031300e-01
 -7.4425220e-01
  2.4055903e+00
  1.0390078e+00
 -6.1457348e-01
  4.9935159e-01
 -7.4013180e-01
 -1.6007392e-01
  2.5045514e-01
 -3.5300145e-01
 -1.3144120e+00
 -1.4459026e-01
 -1.3246710e+00
  3.0031425e-01
 -2.1096387e+00
 -1.0892514e+00
 -1.8920077e-01
  8.2390350e-01
 -7.7397531e-01
  6.7130673e-01
 -1.8606215e+00
 -1.5463541e-01
 -2.7809463e+00
 -3.9717717e+00
  2.0919755e-01
 -2.0605512e-03
  3.4137502e+00
 -7.3641753e-01
  1.3987379e+00
  8.2946414e-01
  2.8896847e+00
  1.3450580e+00
  5.2477378e-01
 -3.8085020e-01
 -1.4078300e+00
  1.5111299e+00
 -1.4476548e+00
 -5.1049829e-01
 -4.3930240e+00
 -8.7380266e-01
  3.6326137e-01
 -6.5095347e-01
 -2.7268906e+00
 -5.5353194e-01
 -3.8237903e-01
 -4.8624717e-02
  8.5976847e-02
  1.5791614e-01
 -1.6671912e-01
 -1.5221512e-02
  7.5428551e-01
  5.7961261e-01
 -2.8338525e-01
 -7.7951550e-01
  3.8054419e-01
  2.2126637e-02
 -8.1708121e-01
  9.9555689e-01
  2.5696692e+00
  2.4402645e+00
 -1.0399081e+00
 -3.7262565e-01
 -7.4403054e-01
 -7.9775751e-01
  5.8629811e-01
 -1.0578212e+00
 -7.7494812e-01
  1.5091853e+00
 -1.0761403e+00
  1.1314065e+00
  6.4259642e-01
  3.0994484e+00
 -1.0569440e+00
  1.5859495e+00
 -1.1944214e-01
  2.9993470e+00
  1.2193295e+00
  9.3202853e-01
  5.4612839e-01
 -1.4586619e+00
 -4.2442051e-01
 -9.9358976e-02
  8.6797726e-01
 -2.5041063e+00
 -1.9009185e+00
 -3.2844134e-03
 -2.1158689e-01
 -1.7970010e+00
 -9.0004635e-01
  1.0847731e-02
  1.0847731e-02
  1.0847731e-02
  1.0847731e-02
  1.0847731e-02
  1.0847731e-02
  1.0847731e-02
  1.0847731e-02
  1.0847731e-02
  6.4705187e-03
  6.4705187e-03
  6.4705187e-03
  6.4705187e-03
  6.4705187e-03
  6.4705187e-03
  6.4705187e-03
  6.4705187e-03
  6.4705187e-03
  4.1140830e-03
  4.1140830e-03
  4.1140830e-03
  4.1140830e-03
  4.1140830e-03
  4.1140830e-03
  4.1140830e-03
  4.1140830e-03
  4.1140830e-03
  2.0871402e-03
  2.0871402e-03
  2.0871402e-03
  2.0871402e-03
  2.0871402e-03
  2.0871402e-03
  2.0871402e-03
  2.0871402e-03
  2.0871402e-03
  1.2807294e-03
  1.2807294e-03
  1.2807294e-03
  1.2807294e-03
  1.2807294e-03
  1.2807294e-03
  1.2807294e-03
  1.2807294e-03
  1.2807294e-03
  8.8103092e-04
  8.8103092e-04
  8.8103092e-04
  8.8103092e-04
  8.8103092e-04
  8.8103092e-04
  8.8103092e-04
  8.8103092e-04
  8.8103092e-04
  8.9705696e-05
  8.9705696e-05
  8.9705696e-05
  8.9705696e-05
  8.9705696e-05
  8.9705696e-05
  8.9705696e-05
  8.9705696e-05
  8.9705696e-05
