################################################################################
# Symmetry function scaling data.
################################################################################
# Col  Name     Description
################################################################################
# 1    e_index  Element index.
# 2    sf_index Symmetry function index.
# 3    sf_min   Symmetry function minimum.
# 4    sf_max   Symmetry function maximum.
# 5    sf_mean  Symmetry function mean.
# 6    sf_sigma Symmetry function sigma.
#########################################################################################################################
#        1          2                        3                        4                        5                        6
#  e_index   sf_index                   sf_min                   sf_max                  sf_mean                 sf_sigma
#########################################################################################################################
         1          1   9.2892989209112964E-01   2.9443062030289253E+00   2.0340087859534983E+00   1.9350300216779595E-01
         1          2   6.6795344745516028E-01   1.6832333282646981E+00   1.2079915954551046E+00   9.3405592200872051E-02
         1          3   6.4871122139336124E-01   2.2023065865485818E+00   1.4753746293768246E+00   1.4934396583762993E-01
         1          4   5.2711520240930376E-01   1.3061418576486636E+00   9.2960135254240095E-01   7.0474507000463232E-02
         1          5   3.5188770643690370E-01   1.3540160667681704E+00   8.1931820987694992E-01   9.2975927032431210E-02
         1          6   3.5458827324440678E-01   8.3074102531985905E-01   6.0471962140038071E-01   4.3691090767609901E-02
         1          7   1.8041221505351959E-01   8.1344159838254826E-01   4.2020025973250985E-01   5.5950798412139811E-02
         1          8   2.4920906063433212E-01   5.4568957230807735E-01   4.0644935181758896E-01   3.0584056659000994E-02
         1          9   2.1993803434231923E-01   4.7751303536424483E-01   3.5731339516377314E-01   3.0560842049283388E-02
         1         10   2.0818915714279310E-01   1.0542798223802330E+00   5.0165909391992225E-01   7.6539705255078361E-02
         1         11   1.4638429781052054E-01   3.8669715677935035E-01   2.7038622492234810E-01   2.2756662854410237E-02
         1         12   9.4707962510822669E-02   7.3423360358547851E-01   2.8758894541645125E-01   5.4016362816529363E-02
         1         13   6.8454060779336023E-02   3.3408244526425102E-01   1.9150479139688067E-01   2.8056782122624684E-02
         1         14   1.8246068727278821E-02   5.2701203334397295E-01   1.5654344922674093E-01   4.4065400766933223E-02
         1         15   4.6415171466893529E-03   2.9433798394053046E-01   8.4892366449073733E-02   2.9415572284308165E-02
         1         16   2.9660001777860021E-04   3.8258114448336772E-01   5.7393915015045024E-02   3.6415585421878657E-02
         1         17   4.5624439284406811E-04   4.7221915054335421E-02   1.2182848113443631E-02   4.0306400533315018E-03
         1         18   1.9133042060002879E-04   3.5914465726536823E-02   1.5946053994937877E-02   5.3683724795152189E-03
         1         19   1.6722606561131982E-02   1.9851582759563607E-01   8.7380665604598243E-02   1.7702137557373723E-02
         1         20   2.8436042244862842E-03   3.7851299104590355E-02   1.6984288818561486E-02   3.0024842346261411E-03
         1         21   2.1448947463324774E-04   4.4465798102786433E-02   1.5098961658738452E-02   5.0279783937022130E-03
         1         22   4.7518404595139042E-02   2.1341407733484993E-01   1.2334117747526260E-01   1.6052033225907539E-02
         1         23   4.0341939151967337E-04   3.3304544862748746E-02   5.8062333896443307E-03   2.1377365812214411E-03
         1         24   2.9492783395596292E-03   5.1929345813551429E-02   1.5093218857756056E-02   4.0292777533739331E-03
         1         25   6.9021000461463010E-05   1.5490510324502476E-02   5.2779758193292250E-03   2.0099804162103502E-03
         1         26   1.3521500547573500E-03   5.5570320894908404E-02   1.5425436855575580E-02   4.4523868038471850E-03
         1         27   2.9487405933768959E-02   1.3794923889325025E-01   7.2282759491930512E-02   1.0593160561833561E-02
         1         28   2.6859906037049393E-04   1.1021076267040363E-02   3.1741007106438667E-03   8.4926960383016864E-04
         1         29   4.9142756469880628E-04   1.3837116847400474E-02   3.4389512599819413E-03   1.0379244909905290E-03
         1         30   8.4868891500340764E-03   4.7614961302736666E-02   2.3796554032978531E-02   3.8330734820371921E-03
         1         31   1.8884185716264867E-04   1.1866646482627865E-02   2.3542738036938090E-03   8.6625006525176292E-04
         2          1   1.4069111897303150E+00   3.3090951491733538E+00   2.4159831909102092E+00   1.8791550403147098E-01
         2          2   3.5364656162822133E-01   1.3136498317524801E+00   8.4632865605867436E-01   9.1785522032616113E-02
         2          3   1.1028156061504433E+00   2.5822532310031039E+00   1.8592027050848015E+00   1.4083543964083878E-01
         2          4   2.1734264524493560E-01   9.3381881867732808E-01   5.7309979236224151E-01   6.6105471438261856E-02
         2          5   7.8224914695088943E-01   1.6609412430981307E+00   1.2094392428007612E+00   8.4296113274219014E-02
         2          6   7.5738909548084529E-02   4.7194797085065088E-01   2.6512724486950523E-01   3.5090852638516315E-02
         2          7   5.7668119365143633E-01   1.0955867337155734E+00   8.1289870363517758E-01   5.4739499234298994E-02
         2          8   1.7793688251121785E-02   2.1272255488153122E-01   9.6832333597992454E-02   1.7438153082838859E-02
         2          9   5.2051885786410734E-01   9.6434800234741203E-01   7.1462679032754650E-01   5.1541182735624150E-02
         2         10   8.4380694311313592E-02   7.8761926729327036E-01   4.1271264998649093E-01   6.3522685736651721E-02
         2         11   3.4346995306097772E-01   7.5482468560484561E-01   5.4077244984469586E-01   3.8470801193641040E-02
         2         12   2.9854780161251145E-02   6.5871585849254122E-01   2.8181897348957247E-01   6.4921949946473448E-02
         2         13   1.7536362676393086E-01   6.0724492423470910E-01   3.8300958279376113E-01   4.2133574758204013E-02
         2         14   2.2383731595055677E-03   5.2058426651839163E-01   1.5860465716865130E-01   5.9472938231824445E-02
         2         15   2.9074954551566130E-02   4.6855320180767857E-01   1.6978473289814749E-01   4.1972492527884341E-02
         2         16   1.5372419741582358E-06   3.0371987215493240E-01   4.2129536455887101E-02   2.9240455871752349E-02
         2         17   1.5331615196221065E-03   3.5896321942513909E-02   1.3041045240107945E-02   2.9010983350732699E-03
         2         18   6.8077233602652197E-06   2.4682497412352945E-03   5.7645965351191156E-04   2.4664266011784617E-04
         2         19   3.6687245919933151E-02   3.1684047143750571E-01   1.5950091380805037E-01   2.3985255031551935E-02
         2         20   9.7907143119938152E-04   2.1763141036978521E-02   7.0577322737483258E-03   1.8787825247540894E-03
         2         21   6.2012293720058618E-03   5.4916072486020227E-02   2.7215508036563436E-02   5.5898560421908331E-03
         2         22   1.1621841107796379E-02   1.3642409050961543E-01   5.8031896625213512E-02   1.1567831424177395E-02
         2         23   1.8305541625372197E-02   9.0368871731848224E-02   4.5302937801869475E-02   8.0933447886031174E-03
         2         24   5.4407178309969786E-04   2.0303408983441639E-02   5.1002412501435909E-03   1.4658053462727680E-03
         2         25   4.4422318417859036E-06   1.1897337633277058E-03   1.2672255563082868E-04   7.1811082400827502E-05
         2         26   1.3183049374010748E-02   1.0175955959847972E-01   4.2073040547817075E-02   8.2605257716355171E-03
         2         27   3.2595331272842645E-03   7.7027720583105599E-02   2.8708064869748775E-02   6.9965305960965523E-03
         2         28   2.4421407582014345E-05   2.4156169032661227E-03   3.5113679883872325E-04   1.8887204059708310E-04
         2         29   5.6651286888021483E-03   3.7574378121398792E-02   1.6221621766069127E-02   3.0682480423626988E-03
         2         30   2.5197932165888066E-03   3.2775521036582392E-02   1.1013883526891338E-02   2.7240189304145873E-03
