################################################################################
# Neural network connection values (weights and biases).
################################################################################
# Col  Name       Description
################################################################################
# 1    connection Neural network connection value.
# 2    t          Connection type (a = weight, b = bias).
# 3    index      Index enumerating weights.
# 4    l_s        Starting point layer (end point layer for biases).
# 5    n_s        Starting point neuron in starting layer (end point neuron for biases).
# 6    l_e        End point layer.
# 7    n_e        End point neuron in end layer.
################################################################################
#                      1 2         3     4     5     6     7
#             connection t     index   l_s   n_s   l_e   n_e
############################################################
  4.3034579911729993E-02 a         1     0     1     1     1
  1.1687073323450210E-01 a         2     0     1     1     2
  4.0241832195729153E-02 a         3     0     1     1     3
  2.7886289291029193E-01 a         4     0     1     1     4
  1.2375616954541278E-01 a         5     0     1     1     5
  3.7046960805641536E-02 a         6     0     1     1     6
  4.9288975534666574E-02 a         7     0     1     1     7
  1.3809999489345262E-01 a         8     0     1     1     8
 -8.3016135877407665E-02 a         9     0     1     1     9
 -7.3643708646824901E-02 a        10     0     1     1    10
 -2.8442198548522275E-02 a        11     0     1     1    11
  1.0700017739680820E-01 a        12     0     1     1    12
 -2.9885379218393882E-01 a        13     0     1     1    13
 -3.1160973546295218E-01 a        14     0     1     1    14
  4.6093083530412848E-01 a        15     0     1     1    15
  1.8331767977695093E-01 a        16     0     1     1    16
  7.2653455236417299E-04 a        17     0     1     1    17
 -3.1913087640961596E-01 a        18     0     1     1    18
 -2.4014278289038835E-01 a        19     0     1     1    19
  6.0436236330288037E-02 a        20     0     1     1    20
  4.2638285302658722E-02 a        21     0     1     1    21
 -1.2759641418418458E-01 a        22     0     1     1    22
 -2.2315235057398827E-01 a        23     0     1     1    23
 -1.7796470451825941E-01 a        24     0     1     1    24
 -6.4481182549184696E-02 a        25     0     1     1    25
 -5.2019857437642980E-02 a        26     0     2     1     1
  2.9019790058412404E-01 a        27     0     2     1     2
  1.9085223214660532E-01 a        28     0     2     1     3
 -2.5765041702784813E-01 a        29     0     2     1     4
 -3.9195157442272222E-01 a        30     0     2     1     5
 -6.0973689065952380E-02 a        31     0     2     1     6
 -3.7122743938708214E-01 a        32     0     2     1     7
 -3.8930205205771568E-01 a        33     0     2     1     8
 -2.1545077605351159E-01 a        34     0     2     1     9
  5.3934716161724528E-03 a        35     0     2     1    10
  8.5204943788578930E-02 a        36     0     2     1    11
  4.1558702290590707E-02 a        37     0     2     1    12
  3.2537301812513388E-02 a        38     0     2     1    13
  2.6567405093009677E-01 a        39     0     2     1    14
 -3.5001022643972857E-01 a        40     0     2     1    15
  1.6223833243928140E-01 a        41     0     2     1    16
  3.4829545451262228E-01 a        42     0     2     1    17
  2.8174945168503185E-01 a        43     0     2     1    18
  6.7669274569651244E-02 a        44     0     2     1    19
 -8.2864605544271136E-02 a        45     0     2     1    20
 -1.2044482368528384E-01 a        46     0     2     1    21
  1.8243256708288202E-01 a        47     0     2     1    22
  1.4963348490633469E-01 a        48     0     2     1    23
  3.1752929451988637E-01 a        49     0     2     1    24
 -2.4259618050822965E-01 a        50     0     2     1    25
 -4.7725384317990867E-03 a        51     0     3     1     1
  2.1803516029894898E-01 a        52     0     3     1     2
  2.5679162991512596E-02 a        53     0     3     1     3
  6.0746330990219165E-02 a        54     0     3     1     4
 -3.4405196475313726E-01 a        55     0     3     1     5
 -1.4566390943567609E-01 a        56     0     3     1     6
 -2.0490641101971685E-02 a        57     0     3     1     7
  3.9283565233214218E-01 a        58     0     3     1     8
  2.3606148685466927E-01 a        59     0     3     1     9
 -2.3395895414429957E-01 a        60     0     3     1    10
 -1.4064022550436903E-01 a        61     0     3     1    11
 -2.1202574192875892E-01 a        62     0     3     1    12
  1.9795810265483532E-01 a        63     0     3     1    13
 -1.5465890987894579E-01 a        64     0     3     1    14
  9.3219053290198028E-02 a        65     0     3     1    15
  4.4935219361322387E-02 a        66     0     3     1    16
 -6.2491259940403110E-01 a        67     0     3     1    17
 -4.4748994662006875E-01 a        68     0     3     1    18
  4.0215494241306099E-01 a        69     0     3     1    19
  4.3253694655100809E-03 a        70     0     3     1    20
 -1.9288043565341192E-02 a        71     0     3     1    21
 -1.1578269108397571E-01 a        72     0     3     1    22
  1.7453591609401145E-01 a        73     0     3     1    23
 -9.8367988344783275E-02 a        74     0     3     1    24
 -2.4291390025881257E-01 a        75     0     3     1    25
  8.3638780858345876E-02 a        76     0     4     1     1
  1.6139807575299683E-01 a        77     0     4     1     2
 -2.9410585806539651E-02 a        78     0     4     1     3
 -1.6316903510496424E-02 a        79     0     4     1     4
 -9.1124569874675196E-02 a        80     0     4     1     5
 -1.0606157580036260E-01 a        81     0     4     1     6
  2.5080464662238122E-01 a        82     0     4     1     7
 -3.4173729090601335E-01 a        83     0     4     1     8
  1.3379793058595321E-01 a        84     0     4     1     9
  7.1245063419992052E-02 a        85     0     4     1    10
 -1.0581353147035139E-01 a        86     0     4     1    11
 -1.4478864935088789E-02 a        87     0     4     1    12
 -8.3952429501819539E-02 a        88     0     4     1    13
 -2.1509928395960162E-01 a        89     0     4     1    14
  3.9650820219326116E-01 a        90     0     4     1    15
  7.9296105810493997E-02 a        91     0     4     1    16
  3.3997953902137812E-01 a        92     0     4     1    17
  2.8608946236258842E-01 a        93     0     4     1    18
 -2.6601317300704463E-01 a        94     0     4     1    19
 -1.0026514279479795E-01 a        95     0     4     1    20
 -1.9464047708091017E-01 a        96     0     4     1    21
 -2.2080368922908086E-02 a        97     0     4     1    22
 -1.0032194411993509E-01 a        98     0     4     1    23
 -1.4023958361555089E-01 a        99     0     4     1    24
  4.1144689744482243E-01 a       100     0     4     1    25
 -2.4186528084585091E-02 a       101     0     5     1     1
  1.8828366298716062E-01 a       102     0     5     1     2
  1.3078433575351375E-01 a       103     0     5     1     3
 -1.9616507782568373E-02 a       104     0     5     1     4
  9.5804515741817628E-02 a       105     0     5     1     5
 -2.1315301416139279E-01 a       106     0     5     1     6
  2.3008726518742187E-01 a       107     0     5     1     7
  2.7610299770843322E-01 a       108     0     5     1     8
  9.6447256244787463E-02 a       109     0     5     1     9
 -4.4588845463341284E-02 a       110     0     5     1    10
 -2.3279968320214375E-01 a       111     0     5     1    11
  1.4115338969873342E-01 a       112     0     5     1    12
  1.4103091110510052E-02 a       113     0     5     1    13
  2.4252309640618280E-01 a       114     0     5     1    14
 -7.5525904323683252E-02 a       115     0     5     1    15
 -4.9781018481824013E-01 a       116     0     5     1    16
  1.1071675592236009E-01 a       117     0     5     1    17
  6.0702039879786646E-02 a       118     0     5     1    18
  1.1768361275846542E-01 a       119     0     5     1    19
 -5.0244907871545508E-02 a       120     0     5     1    20
  3.2382099980286966E-01 a       121     0     5     1    21
  1.0773341168527477E-02 a       122     0     5     1    22
  9.8288416174839383E-02 a       123     0     5     1    23
  4.4483355007151465E-01 a       124     0     5     1    24
  2.8703236178692620E-01 a       125     0     5     1    25
  5.9310248512507067E-02 a       126     0     6     1     1
 -1.8035944294960204E-01 a       127     0     6     1     2
  1.7998387187853174E-01 a       128     0     6     1     3
 -1.4969897062712703E-01 a       129     0     6     1     4
 -4.2194507549196861E-02 a       130     0     6     1     5
 -8.2778610143516163E-03 a       131     0     6     1     6
 -3.3365065391678717E-01 a       132     0     6     1     7
  1.3471491573680511E-01 a       133     0     6     1     8
  2.2103068232090742E-01 a       134     0     6     1     9
  3.0517271124212120E-01 a       135     0     6     1    10
  3.0720937571512313E-01 a       136     0     6     1    11
  1.0273339383063886E-02 a       137     0     6     1    12
 -6.0152462535528632E-02 a       138     0     6     1    13
 -4.7436041929039705E-02 a       139     0     6     1    14
  1.5153003051525230E-01 a       140     0     6     1    15
 -2.0156237331113849E-01 a       141     0     6     1    16
 -1.9243050033551554E-01 a       142     0     6     1    17
  7.0355387171480530E-02 a       143     0     6     1    18
 -1.9504285453993378E-01 a       144     0     6     1    19
 -1.9177353539122458E-01 a       145     0     6     1    20
  3.5457254918516640E-01 a       146     0     6     1    21
  5.4152488435816770E-02 a       147     0     6     1    22
 -1.2298124192692111E-02 a       148     0     6     1    23
 -1.3808153301160433E-01 a       149     0     6     1    24
 -2.3783346013638165E-01 a       150     0     6     1    25
  6.1876505464650670E-02 a       151     0     7     1     1
  4.2478202903504325E-01 a       152     0     7     1     2
  4.6245180043627215E-01 a       153     0     7     1     3
  3.3620872079266945E-01 a       154     0     7     1     4
  3.6465905487742584E-01 a       155     0     7     1     5
 -2.4453587982054617E-01 a       156     0     7     1     6
  3.2689812331038975E-01 a       157     0     7     1     7
  8.3137336334202627E-03 a       158     0     7     1     8
 -1.2260655304568605E-02 a       159     0     7     1     9
  1.8167172276875737E-01 a       160     0     7     1    10
 -1.7165927575038981E-01 a       161     0     7     1    11
 -3.6161011092708872E-01 a       162     0     7     1    12
  1.2680459950144349E-01 a       163     0     7     1    13
 -5.7433270315163092E-02 a       164     0     7     1    14
  3.0935764373211633E-01 a       165     0     7     1    15
 -8.8909131213710524E-02 a       166     0     7     1    16
  4.9480869790567039E-02 a       167     0     7     1    17
 -1.1273073276788743E-01 a       168     0     7     1    18
  1.1103128937857031E-01 a       169     0     7     1    19
 -2.2923945641461221E-01 a       170     0     7     1    20
 -1.2727185930355397E-01 a       171     0     7     1    21
 -2.8896689877035919E-02 a       172     0     7     1    22
 -4.5679171507243049E-01 a       173     0     7     1    23
  1.6470422640504154E-01 a       174     0     7     1    24
  4.3291445048765631E-01 a       175     0     7     1    25
  1.8216189835891666E-01 a       176     0     8     1     1
 -2.2086212129553301E-01 a       177     0     8     1     2
  1.6724055441019600E-01 a       178     0     8     1     3
 -1.1443311646727328E-01 a       179     0     8     1     4
 -1.1098430453502953E-01 a       180     0     8     1     5
 -4.6775751075057670E-01 a       181     0     8     1     6
 -1.6300227541592247E-01 a       182     0     8     1     7
 -4.7118216269257857E-01 a       183     0     8     1     8
 -1.6146677474683396E-01 a       184     0     8     1     9
 -2.8615008106383211E-01 a       185     0     8     1    10
  4.5543515129262452E-01 a       186     0     8     1    11
 -4.6947176724641326E-01 a       187     0     8     1    12
  1.6995076204475271E-01 a       188     0     8     1    13
  1.2381105953681971E-01 a       189     0     8     1    14
 -3.2923820405617261E-02 a       190     0     8     1    15
  1.6634093077355019E-01 a       191     0     8     1    16
  2.4638905025491344E-02 a       192     0     8     1    17
 -1.9344208891959225E-01 a       193     0     8     1    18
 -8.1800773662970505E-02 a       194     0     8     1    19
 -3.4128605312179933E-01 a       195     0     8     1    20
 -3.4713906692679181E-01 a       196     0     8     1    21
 -1.8974204336670894E-01 a       197     0     8     1    22
  3.4059724683466956E-02 a       198     0     8     1    23
 -4.0997294356476359E-02 a       199     0     8     1    24
 -8.0360283744153563E-02 a       200     0     8     1    25
 -7.8523027939662995E-02 a       201     0     9     1     1
  1.0329213199559388E-01 a       202     0     9     1     2
 -1.1859768561515481E-01 a       203     0     9     1     3
  1.3978472767297354E-01 a       204     0     9     1     4
 -4.0457544995696942E-01 a       205     0     9     1     5
  2.0687120123575717E-01 a       206     0     9     1     6
 -8.2683758358799861E-02 a       207     0     9     1     7
 -8.1646954915264525E-02 a       208     0     9     1     8
  4.8374605477552951E-01 a       209     0     9     1     9
 -3.2417616752001632E-01 a       210     0     9     1    10
  3.4356402947740436E-02 a       211     0     9     1    11
  6.6882180533229502E-02 a       212     0     9     1    12
 -9.1906320148828227E-02 a       213     0     9     1    13
 -2.9274347719376376E-01 a       214     0     9     1    14
 -1.8874172454006316E-01 a       215     0     9     1    15
 -2.0948601806601702E-01 a       216     0     9     1    16
 -1.2698191770912459E-01 a       217     0     9     1    17
 -3.6314680372931098E-02 a       218     0     9     1    18
  1.6376392250784472E-01 a       219     0     9     1    19
 -3.7147089794581961E-01 a       220     0     9     1    20
  2.1507891952832653E-01 a       221     0     9     1    21
 -1.3465381725289807E-01 a       222     0     9     1    22
  8.3386644555495187E-02 a       223     0     9     1    23
 -5.8783414243409778E-02 a       224     0     9     1    24
 -2.8946233899066093E-01 a       225     0     9     1    25
 -1.7134525984686061E-01 a       226     0    10     1     1
  5.0818305787944461E-02 a       227     0    10     1     2
  1.1434221977588931E-01 a       228     0    10     1     3
  2.9888638123280736E-01 a       229     0    10     1     4
 -1.9300179755587224E-01 a       230     0    10     1     5
  3.0614657148736230E-01 a       231     0    10     1     6
 -2.2160345477467736E-01 a       232     0    10     1     7
  1.2209386150213526E-01 a       233     0    10     1     8
 -2.3234431576805367E-01 a       234     0    10     1     9
  2.4924993904821596E-01 a       235     0    10     1    10
  6.2659939338517850E-02 a       236     0    10     1    11
  3.7923716984024847E-01 a       237     0    10     1    12
  3.9706525029021021E-02 a       238     0    10     1    13
  2.5890806020443197E-01 a       239     0    10     1    14
  1.3201789823653201E-01 a       240     0    10     1    15
  2.5752014276471114E-01 a       241     0    10     1    16
  2.4622949879410380E-01 a       242     0    10     1    17
 -1.8233794016102759E-02 a       243     0    10     1    18
  1.3576805111692369E-01 a       244     0    10     1    19
  3.3290321562518384E-02 a       245     0    10     1    20
 -3.5219933867489270E-02 a       246     0    10     1    21
  1.8172194248203982E-01 a       247     0    10     1    22
  7.8082089414598502E-02 a       248     0    10     1    23
  1.0591194634456433E-01 a       249     0    10     1    24
 -1.6760150557011008E-01 a       250     0    10     1    25
 -4.1010280598426579E-01 a       251     0    11     1     1
  1.5106716680100113E-01 a       252     0    11     1     2
  2.5723171574674114E-01 a       253     0    11     1     3
  1.6687156485862673E-01 a       254     0    11     1     4
  2.0197524122236543E-01 a       255     0    11     1     5
 -1.1130581606363596E-01 a       256     0    11     1     6
 -3.0294385604414714E-01 a       257     0    11     1     7
 -1.5117115762889435E-01 a       258     0    11     1     8
  1.5332852602006433E-01 a       259     0    11     1     9
  1.3705898890445561E-01 a       260     0    11     1    10
 -2.7239356709727665E-02 a       261     0    11     1    11
  9.8871708846773446E-02 a       262     0    11     1    12
 -1.7173128616901659E-01 a       263     0    11     1    13
  9.2771751313620393E-02 a       264     0    11     1    14
  1.0743271431851104E-01 a       265     0    11     1    15
  3.9566522528567100E-01 a       266     0    11     1    16
 -5.6461911518201213E-01 a       267     0    11     1    17
  1.3406118748812990E-01 a       268     0    11     1    18
 -2.8376070554679617E-01 a       269     0    11     1    19
 -2.9148287775554355E-01 a       270     0    11     1    20
  1.3181494145290068E-01 a       271     0    11     1    21
 -2.1257836790890028E-01 a       272     0    11     1    22
 -2.1003187645818733E-01 a       273     0    11     1    23
  3.1328795093442281E-02 a       274     0    11     1    24
  2.3857130179247144E-01 a       275     0    11     1    25
 -1.2773200994908113E-01 a       276     0    12     1     1
  1.0728074022491133E-01 a       277     0    12     1     2
 -1.5404974926508910E-01 a       278     0    12     1     3
 -2.1946580803865517E-01 a       279     0    12     1     4
  2.1825260251307471E-01 a       280     0    12     1     5
 -1.6043075398060689E-02 a       281     0    12     1     6
  1.7597121646137964E-01 a       282     0    12     1     7
 -1.3600115424646952E-01 a       283     0    12     1     8
  1.4912670283441709E-01 a       284     0    12     1     9
  2.4727903833235984E-01 a       285     0    12     1    10
  1.2247576538884643E-01 a       286     0    12     1    11
 -3.4607779677264749E-01 a       287     0    12     1    12
 -1.6223974987056422E-01 a       288     0    12     1    13
  1.9909574135657049E-01 a       289     0    12     1    14
  1.2943489689251508E-01 a       290     0    12     1    15
  2.2090514031607328E-01 a       291     0    12     1    16
 -1.9245880047278308E-01 a       292     0    12     1    17
  1.7164846453143495E-01 a       293     0    12     1    18
 -3.4742601406459461E-01 a       294     0    12     1    19
 -2.8247847695395210E-02 a       295     0    12     1    20
  5.8662937950975963E-02 a       296     0    12     1    21
  2.5338019143254786E-01 a       297     0    12     1    22
 -3.3534353458761185E-02 a       298     0    12     1    23
  3.1679173659288656E-01 a       299     0    12     1    24
  3.4479457119095186E-01 a       300     0    12     1    25
 -3.6579778524230550E-01 a       301     0    13     1     1
  1.0109233531173129E-01 a       302     0    13     1     2
 -1.7966134005271855E-01 a       303     0    13     1     3
 -2.7039330320548893E-01 a       304     0    13     1     4
 -2.5415459378555211E-01 a       305     0    13     1     5
 -4.2926868535640361E-01 a       306     0    13     1     6
  5.9458471481381066E-02 a       307     0    13     1     7
  2.3129227133103220E-01 a       308     0    13     1     8
 -4.9090934467448576E-02 a       309     0    13     1     9
  4.3489483731753942E-01 a       310     0    13     1    10
  4.4960365244765951E-03 a       311     0    13     1    11
 -8.8429859486372622E-02 a       312     0    13     1    12
 -1.5082817719702488E-01 a       313     0    13     1    13
 -5.1967864767683736E-01 a       314     0    13     1    14
  2.0312353572884567E-01 a       315     0    13     1    15
 -3.1648018301007358E-02 a       316     0    13     1    16
  2.5668566987738750E-01 a       317     0    13     1    17
 -2.8641271179868011E-01 a       318     0    13     1    18
  2.1006934019585441E-01 a       319     0    13     1    19
 -1.5963270920787601E-01 a       320     0    13     1    20
  2.6020145436165487E-01 a       321     0    13     1    21
  2.5663632945928733E-01 a       322     0    13     1    22
  5.5247348638341875E-01 a       323     0    13     1    23
 -7.0297099272891461E-02 a       324     0    13     1    24
 -4.2238876367930493E-02 a       325     0    13     1    25
 -5.7629378888133888E-02 a       326     0    14     1     1
 -2.9159465681313553E-02 a       327     0    14     1     2
  1.9103732505983361E-02 a       328     0    14     1     3
 -5.4507042767390859E-04 a       329     0    14     1     4
  3.9040959431302515E-02 a       330     0    14     1     5
 -3.0558399053126398E-03 a       331     0    14     1     6
 -7.3595524019092376E-02 a       332     0    14     1     7
  2.5997073355244948E-01 a       333     0    14     1     8
  8.1800350899518912E-02 a       334     0    14     1     9
 -6.3804077021474045E-02 a       335     0    14     1    10
 -7.3390299142243681E-02 a       336     0    14     1    11
  1.4567491627963153E-01 a       337     0    14     1    12
  8.9663029004642278E-02 a       338     0    14     1    13
 -3.7454722343656099E-03 a       339     0    14     1    14
 -2.4741750498706389E-02 a       340     0    14     1    15
 -1.7472872769849765E-01 a       341     0    14     1    16
  4.7070176551447199E-02 a       342     0    14     1    17
 -8.6500052230078228E-02 a       343     0    14     1    18
  2.4354778584232359E-01 a       344     0    14     1    19
  8.7082078224701875E-02 a       345     0    14     1    20
 -2.6813648819229269E-01 a       346     0    14     1    21
 -9.9860071157384014E-03 a       347     0    14     1    22
 -9.5863209180030245E-02 a       348     0    14     1    23
 -2.8966031369983342E-01 a       349     0    14     1    24
  4.1289642163794063E-02 a       350     0    14     1    25
  5.8758335853326224E-02 a       351     0    15     1     1
 -3.9756255234816629E-01 a       352     0    15     1     2
 -1.4866132657219883E-01 a       353     0    15     1     3
 -1.5042264787642468E-01 a       354     0    15     1     4
 -3.2589223483618374E-01 a       355     0    15     1     5
 -1.4294075120194430E-01 a       356     0    15     1     6
  3.3281591470523908E-01 a       357     0    15     1     7
  2.1961033759009074E-01 a       358     0    15     1     8
  1.9013271448546151E-01 a       359     0    15     1     9
 -3.3114991807974677E-02 a       360     0    15     1    10
 -3.6857011752707747E-01 a       361     0    15     1    11
 -2.0848698639903591E-02 a       362     0    15     1    12
  5.5231147460431326E-02 a       363     0    15     1    13
  3.1123712174207885E-01 a       364     0    15     1    14
 -3.0780042507368288E-01 a       365     0    15     1    15
  2.8350181206894826E-01 a       366     0    15     1    16
  2.0039958897034985E-01 a       367     0    15     1    17
  2.1052844121341358E-01 a       368     0    15     1    18
 -2.3226697446121894E-01 a       369     0    15     1    19
  7.6779362546183741E-02 a       370     0    15     1    20
 -1.9120257920109313E-01 a       371     0    15     1    21
 -1.6892166106471046E-01 a       372     0    15     1    22
  2.3506156124775054E-01 a       373     0    15     1    23
 -4.5382145593696369E-02 a       374     0    15     1    24
 -2.6989589697838434E-01 a       375     0    15     1    25
  1.4906594756024111E-01 a       376     0    16     1     1
  4.8023968872594859E-04 a       377     0    16     1     2
  7.8306920577723132E-03 a       378     0    16     1     3
 -3.1432560359468367E-03 a       379     0    16     1     4
  1.4087915507000351E-01 a       380     0    16     1     5
  1.4746151947067199E-01 a       381     0    16     1     6
 -7.2478916019983519E-02 a       382     0    16     1     7
 -1.4107826463190262E-01 a       383     0    16     1     8
  4.2733800975296429E-02 a       384     0    16     1     9
  3.1160051639236154E-03 a       385     0    16     1    10
 -5.4316780982079605E-03 a       386     0    16     1    11
  1.4890995795682091E-01 a       387     0    16     1    12
  1.9347404097880930E-01 a       388     0    16     1    13
 -9.0670822241594992E-02 a       389     0    16     1    14
  9.6405626903332237E-02 a       390     0    16     1    15
 -5.9638430610078938E-02 a       391     0    16     1    16
  1.5946834802920515E-02 a       392     0    16     1    17
  1.0983598601126957E-01 a       393     0    16     1    18
 -7.6434867549381058E-02 a       394     0    16     1    19
 -3.8176959877879203E-02 a       395     0    16     1    20
  2.2388361217648617E-01 a       396     0    16     1    21
 -1.7524541922735454E-01 a       397     0    16     1    22
 -3.0526514262005356E-02 a       398     0    16     1    23
  2.3965530892632525E-01 a       399     0    16     1    24
  5.2145410861726672E-02 a       400     0    16     1    25
  1.0513696575341260E-01 a       401     0    17     1     1
  2.6689549685089087E-01 a       402     0    17     1     2
 -1.6118010315891818E-02 a       403     0    17     1     3
 -9.2134342562509852E-02 a       404     0    17     1     4
  2.1482698479795534E-01 a       405     0    17     1     5
 -4.5738892618436811E-01 a       406     0    17     1     6
  1.9791948709629070E-01 a       407     0    17     1     7
  2.0183946548959453E-01 a       408     0    17     1     8
  3.9749128404442619E-01 a       409     0    17     1     9
  5.4657677961369895E-02 a       410     0    17     1    10
  3.2560357582590224E-02 a       411     0    17     1    11
 -7.6062451542079940E-02 a       412     0    17     1    12
 -6.1278421299232749E-03 a       413     0    17     1    13
 -3.8772524554293142E-01 a       414     0    17     1    14
 -8.2358803412197493E-02 a       415     0    17     1    15
  3.0858778147025490E-01 a       416     0    17     1    16
  2.0665984862031181E-01 a       417     0    17     1    17
  1.1658747546082600E-01 a       418     0    17     1    18
  4.0405942942083983E-01 a       419     0    17     1    19
  6.7685474258056294E-02 a       420     0    17     1    20
  3.1118721854431941E-01 a       421     0    17     1    21
 -3.7180013734986322E-01 a       422     0    17     1    22
  1.7034927675967707E-01 a       423     0    17     1    23
 -1.3937635957567354E-01 a       424     0    17     1    24
 -1.0943554365789435E-01 a       425     0    17     1    25
 -6.0700308404994296E-02 a       426     0    18     1     1
 -8.8597089586727254E-02 a       427     0    18     1     2
 -3.9727413301430932E-02 a       428     0    18     1     3
 -3.2525825709011965E-03 a       429     0    18     1     4
  1.5991557283191413E-01 a       430     0    18     1     5
  3.6641359070501256E-01 a       431     0    18     1     6
 -4.5919691315829812E-02 a       432     0    18     1     7
  1.1547714118043834E-02 a       433     0    18     1     8
 -1.8320889503574855E-01 a       434     0    18     1     9
 -9.3041906800569785E-02 a       435     0    18     1    10
  6.2615662773981822E-03 a       436     0    18     1    11
  3.9050879916391751E-02 a       437     0    18     1    12
  5.4511504784559552E-02 a       438     0    18     1    13
  1.3916500913085350E-01 a       439     0    18     1    14
  7.6269022682102531E-03 a       440     0    18     1    15
 -8.8355716139200888E-02 a       441     0    18     1    16
 -1.3017096657161764E-01 a       442     0    18     1    17
 -6.5739648031192338E-02 a       443     0    18     1    18
 -1.4858229702751494E-01 a       444     0    18     1    19
  1.9462508949190935E-01 a       445     0    18     1    20
 -6.9102562971086454E-02 a       446     0    18     1    21
 -6.0555427199512159E-02 a       447     0    18     1    22
 -2.3797716404430552E-02 a       448     0    18     1    23
  1.3642645246963528E-01 a       449     0    18     1    24
 -1.6786488622190499E-01 a       450     0    18     1    25
  2.2883514230880747E-01 a       451     0    19     1     1
 -3.5442046780127506E-01 a       452     0    19     1     2
 -4.1830957470167246E-01 a       453     0    19     1     3
 -1.5228130198844156E-01 a       454     0    19     1     4
  1.7180644206413759E-01 a       455     0    19     1     5
  8.2742283996882229E-02 a       456     0    19     1     6
 -2.4594544159864487E-01 a       457     0    19     1     7
  1.6601546551448396E-01 a       458     0    19     1     8
  1.7161496570180917E-01 a       459     0    19     1     9
 -3.1844746206525693E-01 a       460     0    19     1    10
 -4.4957601257105038E-02 a       461     0    19     1    11
 -7.1797745758581596E-02 a       462     0    19     1    12
 -2.8398691080949462E-01 a       463     0    19     1    13
 -2.2402391444459024E-01 a       464     0    19     1    14
  2.9686328980677990E-01 a       465     0    19     1    15
  6.3750235766546121E-02 a       466     0    19     1    16
 -1.9652312508638692E-01 a       467     0    19     1    17
  1.8579968261931901E-01 a       468     0    19     1    18
 -4.2095602799302329E-02 a       469     0    19     1    19
  1.6328982224868321E-01 a       470     0    19     1    20
  9.0066305083008197E-02 a       471     0    19     1    21
 -1.8168980984200944E-01 a       472     0    19     1    22
  1.3288403441666718E-01 a       473     0    19     1    23
  7.3167892567884127E-02 a       474     0    19     1    24
  3.1801370856986665E-02 a       475     0    19     1    25
  4.8674761470863206E-02 a       476     0    20     1     1
  6.2492802518322427E-02 a       477     0    20     1     2
 -1.5981193790204862E-01 a       478     0    20     1     3
  1.8519304879141042E-02 a       479     0    20     1     4
 -1.7717396613278988E-01 a       480     0    20     1     5
  1.8097538969080892E-01 a       481     0    20     1     6
 -2.9394817308247549E-02 a       482     0    20     1     7
 -2.6607277257166762E-01 a       483     0    20     1     8
 -1.7972646601968140E-01 a       484     0    20     1     9
 -4.1436579373958865E-02 a       485     0    20     1    10
  4.5645333829580990E-02 a       486     0    20     1    11
  2.0157062070402282E-01 a       487     0    20     1    12
  3.1693873226679414E-01 a       488     0    20     1    13
  5.8147941508464016E-02 a       489     0    20     1    14
 -3.1351780899031084E-01 a       490     0    20     1    15
  1.6680330995814308E-01 a       491     0    20     1    16
  3.1943435159461714E-01 a       492     0    20     1    17
  1.3180462846745697E-01 a       493     0    20     1    18
 -2.5670474226633433E-01 a       494     0    20     1    19
  4.5856545411761901E-02 a       495     0    20     1    20
  2.1546233212176552E-01 a       496     0    20     1    21
 -1.9324392487693541E-02 a       497     0    20     1    22
 -2.6030219409209847E-02 a       498     0    20     1    23
 -1.6372072956644382E-01 a       499     0    20     1    24
  2.3290524784925293E-01 a       500     0    20     1    25
 -4.7891630384154685E-02 a       501     0    21     1     1
 -1.3701422057487506E-01 a       502     0    21     1     2
 -1.0338512898455908E-01 a       503     0    21     1     3
 -1.0265436097839187E-01 a       504     0    21     1     4
 -3.8359902731916140E-01 a       505     0    21     1     5
  1.0713162681847550E+00 a       506     0    21     1     6
 -2.5736001704124151E-01 a       507     0    21     1     7
 -1.1993911895088166E-02 a       508     0    21     1     8
 -2.1429116499539541E-01 a       509     0    21     1     9
 -1.8450366341797125E-01 a       510     0    21     1    10
 -2.1292039279831670E-01 a       511     0    21     1    11
 -5.5747609635889143E-02 a       512     0    21     1    12
  7.2076374185675599E-02 a       513     0    21     1    13
  4.8408909566431757E-01 a       514     0    21     1    14
  5.2359241356091102E-02 a       515     0    21     1    15
 -2.8192157965542303E-01 a       516     0    21     1    16
 -4.6914166036059257E-01 a       517     0    21     1    17
 -2.6884879530259753E-01 a       518     0    21     1    18
 -5.4075905686895498E-01 a       519     0    21     1    19
  1.3274889261361117E-01 a       520     0    21     1    20
 -4.1773370720344377E-01 a       521     0    21     1    21
  5.2502732146779307E-02 a       522     0    21     1    22
 -1.8669318638087115E-01 a       523     0    21     1    23
  2.7762296478135856E-02 a       524     0    21     1    24
  3.3411158942905250E-02 a       525     0    21     1    25
 -8.4934151032190434E-03 a       526     0    22     1     1
  2.4424183001355768E-01 a       527     0    22     1     2
  1.5976175742950566E-01 a       528     0    22     1     3
  5.6118568796850780E-02 a       529     0    22     1     4
  1.2710430538233608E-01 a       530     0    22     1     5
  1.1414449078313452E-01 a       531     0    22     1     6
  2.0803156470942921E-01 a       532     0    22     1     7
  1.9442750758368082E-02 a       533     0    22     1     8
 -1.6141212734129814E-01 a       534     0    22     1     9
 -8.1157909978656309E-02 a       535     0    22     1    10
 -1.3143588334915676E-01 a       536     0    22     1    11
  9.9131528453854867E-02 a       537     0    22     1    12
  3.4207561182841892E-02 a       538     0    22     1    13
  4.1973381450927084E-02 a       539     0    22     1    14
  1.5903456367441240E-01 a       540     0    22     1    15
  2.0433730919203991E-02 a       541     0    22     1    16
  1.9262439782796386E-02 a       542     0    22     1    17
 -8.4697719537385918E-02 a       543     0    22     1    18
  9.1059377146598203E-02 a       544     0    22     1    19
  5.4998335178081663E-02 a       545     0    22     1    20
 -1.4194339098160189E-01 a       546     0    22     1    21
  1.6057250091669492E-01 a       547     0    22     1    22
  5.4090273829854499E-02 a       548     0    22     1    23
  1.2589495372036932E-01 a       549     0    22     1    24
 -2.5033194772123457E-01 a       550     0    22     1    25
 -1.3474625003102461E-01 a       551     0    23     1     1
 -1.8952488703609824E-01 a       552     0    23     1     2
  1.1370181897031315E-01 a       553     0    23     1     3
 -4.3777674898502783E-01 a       554     0    23     1     4
  2.3818312760928384E-01 a       555     0    23     1     5
 -1.8569444049486938E-01 a       556     0    23     1     6
  7.2469398710364397E-02 a       557     0    23     1     7
 -5.1731687879760783E-02 a       558     0    23     1     8
  2.6746323956457535E-01 a       559     0    23     1     9
 -1.0919628857514742E-02 a       560     0    23     1    10
  2.2956590937784188E-01 a       561     0    23     1    11
  4.4468272913592377E-01 a       562     0    23     1    12
  2.2887372421254187E-01 a       563     0    23     1    13
 -4.4798980284102718E-01 a       564     0    23     1    14
 -1.0207248803248983E-01 a       565     0    23     1    15
 -2.9562639293901460E-01 a       566     0    23     1    16
  2.8263305105529873E-01 a       567     0    23     1    17
  1.0933407792944289E-01 a       568     0    23     1    18
 -4.5838712164943674E-02 a       569     0    23     1    19
 -1.7616948313548242E-01 a       570     0    23     1    20
 -2.2156045398014304E-01 a       571     0    23     1    21
  3.0457538960722622E-02 a       572     0    23     1    22
  4.8160429976634128E-01 a       573     0    23     1    23
 -2.8886342295249329E-01 a       574     0    23     1    24
  1.0064415996323108E-01 a       575     0    23     1    25
  1.9723854350779513E-01 a       576     0    24     1     1
 -1.0645759641114896E-01 a       577     0    24     1     2
 -2.8217458132605011E-01 a       578     0    24     1     3
  2.3032410094121250E-01 a       579     0    24     1     4
 -2.0893872702846736E-01 a       580     0    24     1     5
  3.9555100912186675E-01 a       581     0    24     1     6
 -5.1981858917065187E-02 a       582     0    24     1     7
  1.6875105405884830E-01 a       583     0    24     1     8
  1.5070488219387565E-01 a       584     0    24     1     9
  2.5743666134648580E-01 a       585     0    24     1    10
 -5.6940286012877672E-01 a       586     0    24     1    11
 -3.1730776668620730E-01 a       587     0    24     1    12
 -3.5256078000875002E-01 a       588     0    24     1    13
 -4.0458299043582405E-02 a       589     0    24     1    14
  4.0364766245540987E-02 a       590     0    24     1    15
 -2.3915280376729917E-01 a       591     0    24     1    16
  8.8352048817202836E-02 a       592     0    24     1    17
 -2.5980415198151890E-01 a       593     0    24     1    18
  1.4517083508830084E-01 a       594     0    24     1    19
 -2.0136083429737237E-01 a       595     0    24     1    20
  5.9452300509617827E-02 a       596     0    24     1    21
  2.2211644534656505E-01 a       597     0    24     1    22
 -2.8526931194582633E-01 a       598     0    24     1    23
 -1.4970431728006814E-01 a       599     0    24     1    24
 -1.4398971863562296E-01 a       600     0    24     1    25
 -1.9999475016840226E-01 a       601     0    25     1     1
  8.3877292945538390E-02 a       602     0    25     1     2
  6.2379994953453338E-02 a       603     0    25     1     3
 -1.6551582192649750E-01 a       604     0    25     1     4
 -9.7718321308140899E-02 a       605     0    25     1     5
  4.9084632626041208E-02 a       606     0    25     1     6
 -1.3556100796819021E-01 a       607     0    25     1     7
 -4.3192567253039257E-02 a       608     0    25     1     8
  2.4170645572518154E-01 a       609     0    25     1     9
 -2.9131530926709483E-02 a       610     0    25     1    10
 -1.7821643084524025E-01 a       611     0    25     1    11
  5.5411860239435069E-02 a       612     0    25     1    12
  2.5339134513047007E-01 a       613     0    25     1    13
 -1.1082596664987812E-01 a       614     0    25     1    14
 -1.7569468006277397E-01 a       615     0    25     1    15
  2.5306105415596022E-02 a       616     0    25     1    16
 -2.1814441799128809E-01 a       617     0    25     1    17
  1.2325244859158961E-01 a       618     0    25     1    18
  1.3481777721412746E-02 a       619     0    25     1    19
  2.1154527039196311E-01 a       620     0    25     1    20
  4.6805974618383470E-02 a       621     0    25     1    21
 -3.1537072284952505E-01 a       622     0    25     1    22
 -1.5728714528650442E-01 a       623     0    25     1    23
 -2.4329220425424125E-01 a       624     0    25     1    24
  2.1017570533411617E-01 a       625     0    25     1    25
 -6.5392634176603274E-03 a       626     0    26     1     1
 -3.2565100643425970E-01 a       627     0    26     1     2
 -5.1204709835695539E-01 a       628     0    26     1     3
 -3.7947731921083766E-01 a       629     0    26     1     4
  8.3818594967671606E-02 a       630     0    26     1     5
  5.8319689548800305E-02 a       631     0    26     1     6
  1.6200278667922696E-01 a       632     0    26     1     7
 -7.4609271404923280E-02 a       633     0    26     1     8
  1.5068030092873805E-01 a       634     0    26     1     9
 -4.9943002565493937E-02 a       635     0    26     1    10
 -1.3516816553995278E-01 a       636     0    26     1    11
 -4.7922039109705172E-01 a       637     0    26     1    12
  2.2991808240410844E-01 a       638     0    26     1    13
 -1.2722833075930862E-01 a       639     0    26     1    14
 -2.3674777595245847E-01 a       640     0    26     1    15
 -9.7784604102105488E-02 a       641     0    26     1    16
  1.7064537472101252E-01 a       642     0    26     1    17
  7.1663128247653307E-02 a       643     0    26     1    18
 -1.1692133487566023E-01 a       644     0    26     1    19
  2.9987543449001397E-01 a       645     0    26     1    20
 -3.2468436190819033E-01 a       646     0    26     1    21
 -2.9339758377613784E-01 a       647     0    26     1    22
  2.6385725564828821E-01 a       648     0    26     1    23
 -3.5018499343222176E-01 a       649     0    26     1    24
 -1.7085723881633691E-01 a       650     0    26     1    25
 -2.8071337521978279E-01 a       651     0    27     1     1
  7.3644329386307508E-02 a       652     0    27     1     2
  3.5743275260628765E-01 a       653     0    27     1     3
 -6.8161210706556051E-03 a       654     0    27     1     4
 -3.0537707419853766E-01 a       655     0    27     1     5
  1.2111862005339352E-02 a       656     0    27     1     6
 -2.5229451143174708E-01 a       657     0    27     1     7
 -2.2348003706307135E-01 a       658     0    27     1     8
 -4.5922421246904122E-01 a       659     0    27     1     9
 -1.2858168913898907E-01 a       660     0    27     1    10
  7.4996278087266249E-02 a       661     0    27     1    11
  2.9593294854161223E-01 a       662     0    27     1    12
  2.6340951935917145E-01 a       663     0    27     1    13
  5.6626192620129870E-02 a       664     0    27     1    14
 -6.9141019338703213E-01 a       665     0    27     1    15
  1.3590049946792067E-03 a       666     0    27     1    16
  1.7509027940400865E-01 a       667     0    27     1    17
  6.3953596066050222E-01 a       668     0    27     1    18
  4.1840092793533304E-02 a       669     0    27     1    19
  2.3739606225053056E-01 a       670     0    27     1    20
  8.5695603842756402E-02 a       671     0    27     1    21
 -1.2296064926600615E-01 a       672     0    27     1    22
  7.0003729004568971E-01 a       673     0    27     1    23
 -1.2478178993462333E-01 a       674     0    27     1    24
  8.5904267735084396E-03 a       675     0    27     1    25
  7.5166000931740320E-02 a       676     0    28     1     1
 -1.8049020392005041E-01 a       677     0    28     1     2
  1.3830663434144128E-01 a       678     0    28     1     3
  2.0287688049868177E-01 a       679     0    28     1     4
  1.4360703628194124E-01 a       680     0    28     1     5
 -1.7330358918388619E-01 a       681     0    28     1     6
 -5.7694249653050519E-02 a       682     0    28     1     7
 -3.6592446815876090E-02 a       683     0    28     1     8
  1.3764469090244286E-01 a       684     0    28     1     9
  2.6017508616344215E-01 a       685     0    28     1    10
 -7.5053190384418142E-02 a       686     0    28     1    11
  1.2971443423508172E-01 a       687     0    28     1    12
 -2.4631747603202919E-01 a       688     0    28     1    13
 -9.1144638182244248E-02 a       689     0    28     1    14
  2.2508454171684947E-01 a       690     0    28     1    15
 -2.0394264636472234E-01 a       691     0    28     1    16
 -3.4470744592628288E-01 a       692     0    28     1    17
 -1.3918130281228286E-01 a       693     0    28     1    18
  1.5281607954631138E-01 a       694     0    28     1    19
 -1.7764448093422736E-01 a       695     0    28     1    20
  7.4055036129054268E-03 a       696     0    28     1    21
  1.7670990995878894E-01 a       697     0    28     1    22
 -1.2297128311897945E-01 a       698     0    28     1    23
  2.4564595779794457E-01 a       699     0    28     1    24
  1.9888478108020867E-03 a       700     0    28     1    25
  8.8966010626901799E-03 a       701     0    29     1     1
 -7.5885729595207886E-04 a       702     0    29     1     2
 -2.1313474031231647E-01 a       703     0    29     1     3
  2.8629189085105550E-01 a       704     0    29     1     4
 -2.9020239411661750E-03 a       705     0    29     1     5
 -5.9291297877871824E-02 a       706     0    29     1     6
 -1.9197808788005996E-01 a       707     0    29     1     7
  1.5238021301554738E-01 a       708     0    29     1     8
 -1.6199746213622794E-02 a       709     0    29     1     9
  9.6632914950687848E-02 a       710     0    29     1    10
  1.2793342824104117E-01 a       711     0    29     1    11
 -1.4276653662603545E-01 a       712     0    29     1    12
  2.5141079979626467E-02 a       713     0    29     1    13
  2.6709691419403719E-01 a       714     0    29     1    14
  7.8926253369749275E-02 a       715     0    29     1    15
 -1.8904947776761233E-01 a       716     0    29     1    16
 -7.7485447343719815E-02 a       717     0    29     1    17
 -1.2360561461726055E-01 a       718     0    29     1    18
 -5.2540290009894443E-02 a       719     0    29     1    19
  2.1754241824355758E-01 a       720     0    29     1    20
  4.9750581902625157E-01 a       721     0    29     1    21
  1.6987174512663941E-01 a       722     0    29     1    22
 -5.5588927669538746E-01 a       723     0    29     1    23
 -8.4842782347323356E-02 a       724     0    29     1    24
 -1.0235960261105714E-01 a       725     0    29     1    25
  1.6431296540504972E-01 a       726     0    30     1     1
  4.8316775074353134E-02 a       727     0    30     1     2
  1.1222324465971652E-01 a       728     0    30     1     3
  1.9420419021066132E-01 a       729     0    30     1     4
  1.6642784178068357E-01 a       730     0    30     1     5
 -3.7367257676079996E-01 a       731     0    30     1     6
  1.2764686889685584E-01 a       732     0    30     1     7
  1.3176585721756726E-01 a       733     0    30     1     8
  1.1755932711652426E-02 a       734     0    30     1     9
 -1.4540407090517007E-01 a       735     0    30     1    10
  3.0316193195655200E-01 a       736     0    30     1    11
  1.7197072611632899E-01 a       737     0    30     1    12
 -3.6394308474540749E-01 a       738     0    30     1    13
  4.4324632361411614E-01 a       739     0    30     1    14
  1.7582610368096732E-01 a       740     0    30     1    15
 -1.9199104274501593E-02 a       741     0    30     1    16
 -1.6516609496975918E-01 a       742     0    30     1    17
 -3.7145704569421656E-01 a       743     0    30     1    18
  3.4368124034046038E-01 a       744     0    30     1    19
 -4.1929663578847226E-01 a       745     0    30     1    20
  2.5890692266588189E-01 a       746     0    30     1    21
  8.9280516944939242E-02 a       747     0    30     1    22
 -1.7950656771366524E-01 a       748     0    30     1    23
 -2.3242198259793742E-01 a       749     0    30     1    24
  1.6424741857861197E-01 a       750     0    30     1    25
 -5.2496710916748263E-02 b       751     1     1
  1.9869448499063957E-01 b       752     1     2
 -3.6299320380094535E-01 b       753     1     3
  2.2217133787917751E-01 b       754     1     4
 -2.1737170711992659E-01 b       755     1     5
  2.6717075790120992E-01 b       756     1     6
  1.8749877547369329E-02 b       757     1     7
 -8.0607090289992481E-02 b       758     1     8
  3.6468360624075818E-01 b       759     1     9
 -3.3091020634699410E-02 b       760     1    10
  1.2928175826278802E-02 b       761     1    11
 -6.2868193672185407E-02 b       762     1    12
 -3.7155823924777502E-02 b       763     1    13
  7.4213196244345275E-02 b       764     1    14
  1.9537959178313585E-01 b       765     1    15
 -9.2705750625036706E-02 b       766     1    16
  6.4023812330768301E-02 b       767     1    17
 -1.4884899118876802E-01 b       768     1    18
  1.1221601417388669E-01 b       769     1    19
  1.0174709388002319E-01 b       770     1    20
  3.4359340005296218E-01 b       771     1    21
 -1.1565443113350891E-01 b       772     1    22
  1.5455035499889525E-01 b       773     1    23
 -7.3879122284592716E-02 b       774     1    24
 -3.9725108285607830E-01 b       775     1    25
 -3.1328177153894987E-01 a       776     1     1     2     1
 -5.1024437809751311E-01 a       777     1     1     2     2
  2.7969970587474718E-01 a       778     1     1     2     3
 -9.4763742603223386E-02 a       779     1     1     2     4
 -3.7971084026971524E-01 a       780     1     1     2     5
 -1.6140921950522530E-01 a       781     1     1     2     6
 -3.8919683866567321E-02 a       782     1     1     2     7
 -7.6174441779309529E-02 a       783     1     1     2     8
  1.1242088256077899E-01 a       784     1     1     2     9
  2.1748899980061055E-02 a       785     1     1     2    10
  7.0377976971390227E-02 a       786     1     1     2    11
 -3.8580138385802640E-02 a       787     1     1     2    12
 -1.4716981565707157E-01 a       788     1     1     2    13
 -9.4065114168105854E-02 a       789     1     1     2    14
 -1.1582785051171331E-01 a       790     1     1     2    15
 -3.9245405649434978E-01 a       791     1     1     2    16
 -2.6779655818896020E-01 a       792     1     1     2    17
  1.0185635656888258E-01 a       793     1     1     2    18
  3.8755082598394353E-01 a       794     1     1     2    19
 -3.1049676946261856E-01 a       795     1     1     2    20
 -2.5733040924042722E-01 a       796     1     1     2    21
  3.0428447852259205E-01 a       797     1     1     2    22
  2.3378470524632128E-02 a       798     1     1     2    23
 -2.4621851175368745E-01 a       799     1     1     2    24
  1.8902329643511834E-01 a       800     1     1     2    25
 -1.5708544314901127E-01 a       801     1     2     2     1
  1.9824836247423572E-01 a       802     1     2     2     2
  3.8710539304968689E-01 a       803     1     2     2     3
 -6.2329950290255641E-02 a       804     1     2     2     4
  1.1762257340352747E-01 a       805     1     2     2     5
  2.7259209952971825E-01 a       806     1     2     2     6
  2.2831712988661731E-01 a       807     1     2     2     7
  2.2625152476204186E-02 a       808     1     2     2     8
  1.0046767133488840E-01 a       809     1     2     2     9
 -1.7906999225096495E-01 a       810     1     2     2    10
 -3.4830077598032375E-02 a       811     1     2     2    11
  3.7420553012331537E-01 a       812     1     2     2    12
 -1.2803956611726172E-01 a       813     1     2     2    13
  8.7933563423167518E-03 a       814     1     2     2    14
  1.5455592462961587E-01 a       815     1     2     2    15
  2.2140458173132799E-01 a       816     1     2     2    16
  1.7141132051137931E-01 a       817     1     2     2    17
 -2.3883961645770749E-01 a       818     1     2     2    18
 -5.0853089250268289E-02 a       819     1     2     2    19
  4.8201673369572554E-02 a       820     1     2     2    20
 -1.2377992076803221E-01 a       821     1     2     2    21
 -2.4821691739119517E-01 a       822     1     2     2    22
 -2.1724779952826923E-01 a       823     1     2     2    23
  9.5953583020269545E-02 a       824     1     2     2    24
  2.7223342416668739E-01 a       825     1     2     2    25
 -1.3198424035838302E-01 a       826     1     3     2     1
  1.2976078619081235E-01 a       827     1     3     2     2
  4.2084886976516722E-01 a       828     1     3     2     3
 -2.6433133001270387E-01 a       829     1     3     2     4
  6.5056404071816801E-02 a       830     1     3     2     5
 -2.4720719660322554E-01 a       831     1     3     2     6
  6.7941202521993510E-02 a       832     1     3     2     7
 -2.5348804759805632E-01 a       833     1     3     2     8
 -1.8085937190631557E-01 a       834     1     3     2     9
  1.5638848825687074E-01 a       835     1     3     2    10
  1.1818794741111721E-01 a       836     1     3     2    11
 -2.0354900492023809E-01 a       837     1     3     2    12
 -1.2718767613748957E-01 a       838     1     3     2    13
 -1.3181701595245740E-01 a       839     1     3     2    14
  4.4851484956177273E-01 a       840     1     3     2    15
 -4.3949124918698779E-01 a       841     1     3     2    16
  5.1243720553110703E-02 a       842     1     3     2    17
  1.4092940450924210E-01 a       843     1     3     2    18
  3.5294116471176062E-01 a       844     1     3     2    19
  6.2807759833062943E-02 a       845     1     3     2    20
  2.0615668986611990E-01 a       846     1     3     2    21
  1.5553810546229829E-01 a       847     1     3     2    22
 -1.8521012814639509E-02 a       848     1     3     2    23
 -2.7877283077163961E-01 a       849     1     3     2    24
 -3.1121322759082637E-01 a       850     1     3     2    25
  2.8910038619266309E-01 a       851     1     4     2     1
 -1.5164101367059871E-01 a       852     1     4     2     2
 -2.9160851058321269E-02 a       853     1     4     2     3
  2.3420929294379844E-01 a       854     1     4     2     4
 -5.0230074090834764E-01 a       855     1     4     2     5
 -8.9017026354726983E-02 a       856     1     4     2     6
 -2.4168549947673654E-01 a       857     1     4     2     7
  1.6788271559887294E-01 a       858     1     4     2     8
 -3.5892520111517827E-02 a       859     1     4     2     9
  4.0665008738712538E-01 a       860     1     4     2    10
 -1.6161005223803418E-01 a       861     1     4     2    11
 -8.3819986902457552E-02 a       862     1     4     2    12
  5.4397214994447740E-01 a       863     1     4     2    13
  5.9211028079260875E-02 a       864     1     4     2    14
 -1.4603754901214688E-01 a       865     1     4     2    15
  1.3955558482150371E-01 a       866     1     4     2    16
 -3.4744776074644768E-01 a       867     1     4     2    17
  6.9345476241979759E-02 a       868     1     4     2    18
 -1.8308813408855629E-01 a       869     1     4     2    19
 -1.6481532976939103E-01 a       870     1     4     2    20
  1.6365903844352744E-01 a       871     1     4     2    21
  1.3156972300725461E-02 a       872     1     4     2    22
 -3.8568602740230729E-01 a       873     1     4     2    23
  9.2612656014451747E-02 a       874     1     4     2    24
 -3.2778253227663190E-01 a       875     1     4     2    25
 -2.9146105603549743E-01 a       876     1     5     2     1
 -2.0617395098158647E-01 a       877     1     5     2     2
  1.0337317675779530E-01 a       878     1     5     2     3
 -1.7554461236693189E-01 a       879     1     5     2     4
 -3.0462433828214421E-02 a       880     1     5     2     5
 -1.9011476580464312E-01 a       881     1     5     2     6
 -8.2185957444250904E-02 a       882     1     5     2     7
  2.6048692907905141E-01 a       883     1     5     2     8
  3.5215472766171868E-01 a       884     1     5     2     9
  1.9389334734791130E-01 a       885     1     5     2    10
 -2.5020474717698182E-01 a       886     1     5     2    11
 -4.5517557620817878E-01 a       887     1     5     2    12
 -1.3143046513236190E-01 a       888     1     5     2    13
  2.4610251004651590E-01 a       889     1     5     2    14
  2.0215723367278872E-02 a       890     1     5     2    15
 -1.4325306164627760E-01 a       891     1     5     2    16
  1.5749098307170195E-02 a       892     1     5     2    17
  1.1368065924201605E-01 a       893     1     5     2    18
  2.5171581855965874E-01 a       894     1     5     2    19
 -3.7546423762169318E-01 a       895     1     5     2    20
 -3.1228262798881523E-01 a       896     1     5     2    21
  5.3456099366158319E-02 a       897     1     5     2    22
 -3.8645103679551200E-02 a       898     1     5     2    23
 -8.9733101454806147E-02 a       899     1     5     2    24
 -6.9033625927695685E-02 a       900     1     5     2    25
 -1.5077888624844335E-01 a       901     1     6     2     1
  2.6418159746082966E-02 a       902     1     6     2     2
  1.5535412782227953E-01 a       903     1     6     2     3
  2.4732285919366701E-01 a       904     1     6     2     4
 -1.7444298186431811E-01 a       905     1     6     2     5
 -9.8394603940090506E-03 a       906     1     6     2     6
  1.5948259107982732E-01 a       907     1     6     2     7
 -2.2482056851496740E-01 a       908     1     6     2     8
 -1.8152748146704900E-01 a       909     1     6     2     9
  1.2983706740814902E-01 a       910     1     6     2    10
 -6.1696723992129443E-02 a       911     1     6     2    11
  1.0176144731020748E-01 a       912     1     6     2    12
  1.1339092988353801E-01 a       913     1     6     2    13
  3.1388050613177382E-01 a       914     1     6     2    14
  2.4711143755694004E-01 a       915     1     6     2    15
  4.0834764647424004E-01 a       916     1     6     2    16
  2.4044659366104429E-01 a       917     1     6     2    17
  5.8214521881144919E-02 a       918     1     6     2    18
  1.8124728347037336E-01 a       919     1     6     2    19
 -9.3439767066358731E-02 a       920     1     6     2    20
  1.5167915124113507E-01 a       921     1     6     2    21
  2.5876165711757215E-01 a       922     1     6     2    22
  2.3483241408728706E-01 a       923     1     6     2    23
 -3.7654974214717285E-01 a       924     1     6     2    24
  2.2627721772944565E-01 a       925     1     6     2    25
  2.9838805506278510E-01 a       926     1     7     2     1
  5.8862152618321184E-01 a       927     1     7     2     2
  1.2884718915920160E-01 a       928     1     7     2     3
  3.9227193099542829E-01 a       929     1     7     2     4
 -2.2424835054789133E-01 a       930     1     7     2     5
  1.0984235199545826E-01 a       931     1     7     2     6
  2.0970003503197054E-01 a       932     1     7     2     7
 -3.2146963705811066E-01 a       933     1     7     2     8
 -1.5763226407571157E-01 a       934     1     7     2     9
  2.8016997296925167E-01 a       935     1     7     2    10
  1.7353220270119024E-01 a       936     1     7     2    11
 -3.2803362381467333E-01 a       937     1     7     2    12
 -2.2314051167091772E-01 a       938     1     7     2    13
  9.8714750790996036E-02 a       939     1     7     2    14
 -5.3473662528979740E-02 a       940     1     7     2    15
  1.8549429942264328E-01 a       941     1     7     2    16
  4.5344812671538851E-02 a       942     1     7     2    17
  7.7450159067900995E-02 a       943     1     7     2    18
  8.7049843264057503E-03 a       944     1     7     2    19
  3.1349754687931747E-02 a       945     1     7     2    20
  2.3944447781999060E-02 a       946     1     7     2    21
 -2.0469732639627916E-01 a       947     1     7     2    22
 -1.7859714224229448E-01 a       948     1     7     2    23
 -1.8906790121278666E-01 a       949     1     7     2    24
 -2.5425594661605926E-02 a       950     1     7     2    25
 -3.2561914655659224E-01 a       951     1     8     2     1
 -2.5117672185888595E-01 a       952     1     8     2     2
  3.2074733298126501E-01 a       953     1     8     2     3
 -4.3433163453160589E-02 a       954     1     8     2     4
 -2.5724962883114488E-01 a       955     1     8     2     5
  1.3846038665141777E-01 a       956     1     8     2     6
 -9.3786249212060288E-02 a       957     1     8     2     7
 -1.8561685332718744E-01 a       958     1     8     2     8
 -3.3252140024072030E-01 a       959     1     8     2     9
  2.9395220554656681E-01 a       960     1     8     2    10
 -5.3563542351582928E-02 a       961     1     8     2    11
  1.8637870152196343E-02 a       962     1     8     2    12
  9.5037025905541403E-02 a       963     1     8     2    13
  3.1368788771084755E-01 a       964     1     8     2    14
  1.2925227827235566E-01 a       965     1     8     2    15
  1.5893345955776680E-02 a       966     1     8     2    16
 -2.2538554025049734E-01 a       967     1     8     2    17
 -3.6546687411859058E-01 a       968     1     8     2    18
  5.3490967524129754E-02 a       969     1     8     2    19
  3.9112091356880700E-02 a       970     1     8     2    20
 -2.3234220448874759E-01 a       971     1     8     2    21
  3.1828206260214470E-01 a       972     1     8     2    22
 -1.7679353736432209E-02 a       973     1     8     2    23
  3.4944841876952877E-03 a       974     1     8     2    24
 -4.1250777910893560E-01 a       975     1     8     2    25
 -2.7078062505347000E-01 a       976     1     9     2     1
 -1.9079906021498019E-01 a       977     1     9     2     2
 -1.9001085441675458E-01 a       978     1     9     2     3
  1.0796166755954183E-01 a       979     1     9     2     4
 -6.5333810177034837E-02 a       980     1     9     2     5
 -6.7201779020222615E-03 a       981     1     9     2     6
 -1.6078990119424305E-01 a       982     1     9     2     7
 -3.0688977629685127E-01 a       983     1     9     2     8
  5.4418821944082318E-02 a       984     1     9     2     9
 -2.9450844630508255E-01 a       985     1     9     2    10
  2.6873495365778666E-01 a       986     1     9     2    11
  1.9685413257038242E-01 a       987     1     9     2    12
 -1.4059434513420116E-01 a       988     1     9     2    13
  5.9507468212046472E-02 a       989     1     9     2    14
 -3.3840256382891798E-01 a       990     1     9     2    15
  3.0540119672766775E-01 a       991     1     9     2    16
 -6.2864618183001543E-03 a       992     1     9     2    17
  1.0896450905870560E-01 a       993     1     9     2    18
  2.0466231439005186E-01 a       994     1     9     2    19
  1.4413296314354546E-01 a       995     1     9     2    20
  1.8661560177555031E-01 a       996     1     9     2    21
  2.3087005504039904E-01 a       997     1     9     2    22
  1.3376169739973812E-01 a       998     1     9     2    23
 -2.8593469355245232E-01 a       999     1     9     2    24
  1.3634308886711521E-01 a      1000     1     9     2    25
  2.5158337912376288E-02 a      1001     1    10     2     1
  4.1901494134944189E-01 a      1002     1    10     2     2
  1.5651910003385053E-01 a      1003     1    10     2     3
 -2.5126778054411852E-01 a      1004     1    10     2     4
 -1.7390331861668512E-01 a      1005     1    10     2     5
  2.1486257366860584E-01 a      1006     1    10     2     6
  6.1380222022919900E-02 a      1007     1    10     2     7
 -1.5354893215442533E-01 a      1008     1    10     2     8
  2.5388679676670889E-01 a      1009     1    10     2     9
  2.0675424077153290E-01 a      1010     1    10     2    10
  7.6510643991444763E-02 a      1011     1    10     2    11
  3.2664078313240752E-01 a      1012     1    10     2    12
 -8.7031881166253600E-02 a      1013     1    10     2    13
  1.3818807836885136E-01 a      1014     1    10     2    14
  2.5121017700538434E-01 a      1015     1    10     2    15
  3.6856122426791105E-01 a      1016     1    10     2    16
 -1.8924611985253925E-01 a      1017     1    10     2    17
 -1.8391443000023591E-01 a      1018     1    10     2    18
 -2.2511059845005024E-01 a      1019     1    10     2    19
 -3.8546355736046856E-01 a      1020     1    10     2    20
 -3.9441880898866710E-01 a      1021     1    10     2    21
  2.6241857252048562E-01 a      1022     1    10     2    22
  2.8004051435212146E-01 a      1023     1    10     2    23
  5.0684778030042600E-02 a      1024     1    10     2    24
  4.4166059892206588E-01 a      1025     1    10     2    25
 -1.8180169714024144E-01 a      1026     1    11     2     1
 -2.7929946688408475E-01 a      1027     1    11     2     2
  3.5681043323846334E-01 a      1028     1    11     2     3
 -2.6925896543931030E-02 a      1029     1    11     2     4
  3.8471797652380835E-01 a      1030     1    11     2     5
 -3.1688706243483589E-01 a      1031     1    11     2     6
  2.9387586401896998E-01 a      1032     1    11     2     7
  3.2950095703284948E-01 a      1033     1    11     2     8
 -3.6244004935866325E-01 a      1034     1    11     2     9
 -1.7427356375686553E-01 a      1035     1    11     2    10
 -1.9074815869492258E-02 a      1036     1    11     2    11
  2.3720717601366462E-02 a      1037     1    11     2    12
 -9.9943192737276476E-02 a      1038     1    11     2    13
 -6.5439495988200744E-02 a      1039     1    11     2    14
  1.9018693875731848E-02 a      1040     1    11     2    15
  2.5995142593140436E-01 a      1041     1    11     2    16
  2.8995155181234150E-01 a      1042     1    11     2    17
  2.2449424143185484E-01 a      1043     1    11     2    18
 -1.7141841723096285E-01 a      1044     1    11     2    19
 -1.8624557792983990E-01 a      1045     1    11     2    20
  4.5713366514922871E-01 a      1046     1    11     2    21
  2.5955618747798248E-01 a      1047     1    11     2    22
 -1.0724912096867167E-01 a      1048     1    11     2    23
  1.6335813078117592E-01 a      1049     1    11     2    24
 -2.1525879832377165E-01 a      1050     1    11     2    25
 -3.3553881385623990E-01 a      1051     1    12     2     1
  5.1742202873055387E-01 a      1052     1    12     2     2
 -3.4517852254202824E-01 a      1053     1    12     2     3
  2.2097154453313870E-02 a      1054     1    12     2     4
 -2.6062676060600632E-02 a      1055     1    12     2     5
  2.6974332956107811E-02 a      1056     1    12     2     6
  2.4461069093583940E-01 a      1057     1    12     2     7
 -1.4034929891232105E-02 a      1058     1    12     2     8
 -2.6639777459664055E-01 a      1059     1    12     2     9
 -4.3284156475747466E-02 a      1060     1    12     2    10
 -1.7421322376112194E-01 a      1061     1    12     2    11
  3.4394508555313069E-01 a      1062     1    12     2    12
 -7.7409952663564610E-02 a      1063     1    12     2    13
  2.2553570909981785E-01 a      1064     1    12     2    14
 -3.5720845634173909E-02 a      1065     1    12     2    15
  2.3759205506978098E-01 a      1066     1    12     2    16
  2.1961428178959563E-01 a      1067     1    12     2    17
 -4.6876511546290128E-01 a      1068     1    12     2    18
  2.3762194219096103E-01 a      1069     1    12     2    19
 -3.1969672959386811E-02 a      1070     1    12     2    20
  7.6865202228048449E-02 a      1071     1    12     2    21
  1.9020052256594364E-01 a      1072     1    12     2    22
 -2.5204198949374168E-01 a      1073     1    12     2    23
 -3.1378416414316784E-01 a      1074     1    12     2    24
 -1.7262869109372544E-01 a      1075     1    12     2    25
  7.0254995902164927E-02 a      1076     1    13     2     1
 -2.4148287275274341E-01 a      1077     1    13     2     2
  4.2260636428235118E-02 a      1078     1    13     2     3
  7.3335714503047475E-02 a      1079     1    13     2     4
  1.9563086022057544E-01 a      1080     1    13     2     5
 -1.9751550334909537E-01 a      1081     1    13     2     6
  1.4520133881370606E-01 a      1082     1    13     2     7
  4.6179494110656888E-01 a      1083     1    13     2     8
  2.7250885270743797E-01 a      1084     1    13     2     9
  2.2361820835565524E-01 a      1085     1    13     2    10
  1.1101629894107808E-01 a      1086     1    13     2    11
  4.0610506436903518E-02 a      1087     1    13     2    12
 -1.3672392733702449E-01 a      1088     1    13     2    13
  4.4208130519333734E-02 a      1089     1    13     2    14
  4.1386120426307366E-01 a      1090     1    13     2    15
 -4.8704270326989146E-01 a      1091     1    13     2    16
 -2.9673296134118055E-01 a      1092     1    13     2    17
  1.2167372822890681E-01 a      1093     1    13     2    18
 -1.6220192560753538E-01 a      1094     1    13     2    19
 -2.7810283470103614E-02 a      1095     1    13     2    20
  5.3302370671374541E-02 a      1096     1    13     2    21
 -7.6270031331807778E-02 a      1097     1    13     2    22
  1.3004683684588814E-01 a      1098     1    13     2    23
  3.1513780897617211E-01 a      1099     1    13     2    24
  8.4452073669800745E-02 a      1100     1    13     2    25
  2.0066306953299703E-01 a      1101     1    14     2     1
  2.9158954601580203E-02 a      1102     1    14     2     2
 -1.3311309330958065E-01 a      1103     1    14     2     3
 -2.1992458618508309E-01 a      1104     1    14     2     4
  1.6777107562876377E-02 a      1105     1    14     2     5
  3.0354451184523273E-01 a      1106     1    14     2     6
 -5.0262031345520750E-02 a      1107     1    14     2     7
 -5.0917960654816463E-02 a      1108     1    14     2     8
  2.4165363274226237E-01 a      1109     1    14     2     9
  1.6694882098046877E-02 a      1110     1    14     2    10
  1.8148868214792599E-01 a      1111     1    14     2    11
  1.2582696272206811E-01 a      1112     1    14     2    12
  2.0183203016196635E-01 a      1113     1    14     2    13
 -4.3708296536772426E-02 a      1114     1    14     2    14
 -1.2087657791346414E-01 a      1115     1    14     2    15
 -2.1851888894733207E-01 a      1116     1    14     2    16
  4.8530217939671133E-02 a      1117     1    14     2    17
 -3.7288464455746989E-01 a      1118     1    14     2    18
  2.9463036276797056E-01 a      1119     1    14     2    19
 -7.1332864803793999E-02 a      1120     1    14     2    20
  1.6868076841571106E-01 a      1121     1    14     2    21
 -2.8402806076579190E-01 a      1122     1    14     2    22
 -7.5260705265487171E-01 a      1123     1    14     2    23
  1.8325347452455296E-01 a      1124     1    14     2    24
  2.0723303357349399E-01 a      1125     1    14     2    25
 -2.0099005103031298E-01 a      1126     1    15     2     1
 -7.2909273300520161E-02 a      1127     1    15     2     2
 -2.5198746402964045E-01 a      1128     1    15     2     3
 -2.5628742783746117E-01 a      1129     1    15     2     4
  1.7737993406884822E-01 a      1130     1    15     2     5
  3.2459218384310501E-01 a      1131     1    15     2     6
  9.7070651247967960E-02 a      1132     1    15     2     7
  6.1836517044760515E-02 a      1133     1    15     2     8
 -2.1403505535424361E-01 a      1134     1    15     2     9
  1.0935285445849534E-02 a      1135     1    15     2    10
 -2.1571729321963176E-01 a      1136     1    15     2    11
 -5.3113993019751182E-01 a      1137     1    15     2    12
 -8.0241782843175360E-02 a      1138     1    15     2    13
  4.0049646375288028E-01 a      1139     1    15     2    14
 -4.0019382466689796E-01 a      1140     1    15     2    15
  3.2214065041841022E-01 a      1141     1    15     2    16
  9.3290027725534505E-02 a      1142     1    15     2    17
  1.2185509585887433E-01 a      1143     1    15     2    18
 -1.0012727968680735E-01 a      1144     1    15     2    19
  1.3893323746140607E-01 a      1145     1    15     2    20
  1.3678127823190313E-02 a      1146     1    15     2    21
  3.8156841296940344E-02 a      1147     1    15     2    22
 -5.9451014554631060E-02 a      1148     1    15     2    23
 -1.8641752013172458E-01 a      1149     1    15     2    24
  8.3543323146999290E-02 a      1150     1    15     2    25
  2.7952472684482266E-01 a      1151     1    16     2     1
 -9.1532035418947541E-02 a      1152     1    16     2     2
  2.0826539492921786E-01 a      1153     1    16     2     3
  1.6187160471116413E-01 a      1154     1    16     2     4
  1.6504151619238247E-01 a      1155     1    16     2     5
  1.1623192858261314E-01 a      1156     1    16     2     6
 -2.4460887063408300E-02 a      1157     1    16     2     7
 -1.4364296401072599E-01 a      1158     1    16     2     8
 -1.7831030899249248E-01 a      1159     1    16     2     9
 -1.8664142119433388E-01 a      1160     1    16     2    10
 -1.3296423112786122E-02 a      1161     1    16     2    11
 -1.3510138095097776E-01 a      1162     1    16     2    12
 -5.6920827792130625E-02 a      1163     1    16     2    13
 -2.9182615594096972E-01 a      1164     1    16     2    14
  1.9212663695690918E-01 a      1165     1    16     2    15
 -1.5370508958990411E-01 a      1166     1    16     2    16
 -1.8053420583696617E-01 a      1167     1    16     2    17
  3.6573447278541449E-02 a      1168     1    16     2    18
  2.6611631383350770E-01 a      1169     1    16     2    19
  4.8138993529951657E-01 a      1170     1    16     2    20
 -3.1655409703022536E-01 a      1171     1    16     2    21
  1.2608053540101521E-01 a      1172     1    16     2    22
  2.1021037613132307E-01 a      1173     1    16     2    23
 -2.5924347567996275E-02 a      1174     1    16     2    24
 -1.1288824836275305E-02 a      1175     1    16     2    25
  1.6111550498797648E-02 a      1176     1    17     2     1
 -6.9788557006610630E-02 a      1177     1    17     2     2
  1.7977595393478066E-01 a      1178     1    17     2     3
 -3.0937491852936655E-01 a      1179     1    17     2     4
 -2.9656649666804424E-02 a      1180     1    17     2     5
  2.6597948479651856E-01 a      1181     1    17     2     6
 -5.0814707676155271E-02 a      1182     1    17     2     7
 -3.2010660304993666E-01 a      1183     1    17     2     8
  7.7354470117543164E-02 a      1184     1    17     2     9
  1.0848295947869872E-01 a      1185     1    17     2    10
 -8.2048423717079683E-02 a      1186     1    17     2    11
  3.0477806851921030E-01 a      1187     1    17     2    12
  2.3405576313495083E-01 a      1188     1    17     2    13
  1.8825025211306026E-01 a      1189     1    17     2    14
  2.8829032309525476E-01 a      1190     1    17     2    15
  3.1013807777783270E-01 a      1191     1    17     2    16
  1.7830357608424652E-01 a      1192     1    17     2    17
 -2.6957083797630432E-01 a      1193     1    17     2    18
  2.0267484725131255E-01 a      1194     1    17     2    19
  1.0315019122273759E-01 a      1195     1    17     2    20
  3.0531046504341680E-01 a      1196     1    17     2    21
  1.1686596687158433E-01 a      1197     1    17     2    22
  1.2601371977043463E-01 a      1198     1    17     2    23
 -3.9909719880579042E-01 a      1199     1    17     2    24
  4.1404992773184957E-01 a      1200     1    17     2    25
  1.4016488918833755E-01 a      1201     1    18     2     1
 -1.1381932719384748E-01 a      1202     1    18     2     2
  1.6473130565434646E-01 a      1203     1    18     2     3
  3.2678554655957187E-01 a      1204     1    18     2     4
 -5.3001181477404423E-02 a      1205     1    18     2     5
  3.3012513669900229E-01 a      1206     1    18     2     6
  2.0985596629104558E-01 a      1207     1    18     2     7
 -2.4512609371759081E-01 a      1208     1    18     2     8
 -9.5930472816602261E-02 a      1209     1    18     2     9
  2.4000180830926651E-01 a      1210     1    18     2    10
 -6.9336767843277747E-02 a      1211     1    18     2    11
 -6.5855832708301296E-02 a      1212     1    18     2    12
  2.9137977163414674E-01 a      1213     1    18     2    13
 -3.8159920896706896E-02 a      1214     1    18     2    14
 -1.7987091063600963E-01 a      1215     1    18     2    15
  6.2455810295889242E-03 a      1216     1    18     2    16
 -2.7006963900914460E-01 a      1217     1    18     2    17
  2.1540532876842389E-01 a      1218     1    18     2    18
  1.4807457973573887E-01 a      1219     1    18     2    19
  1.5160227870382448E-01 a      1220     1    18     2    20
 -2.3627546840650268E-01 a      1221     1    18     2    21
 -1.3910135395221387E-01 a      1222     1    18     2    22
 -3.1488588601111833E-01 a      1223     1    18     2    23
  4.4370810464720328E-02 a      1224     1    18     2    24
  2.1599914112511559E-01 a      1225     1    18     2    25
 -1.9906918487943423E-01 a      1226     1    19     2     1
 -3.0529439380150052E-02 a      1227     1    19     2     2
 -7.4952777102910900E-02 a      1228     1    19     2     3
 -4.2722786207152585E-01 a      1229     1    19     2     4
 -5.9312802262772767E-02 a      1230     1    19     2     5
 -2.3499821081279326E-01 a      1231     1    19     2     6
  9.9188647887624479E-02 a      1232     1    19     2     7
 -2.8743302943365856E-01 a      1233     1    19     2     8
  6.2697732260601075E-03 a      1234     1    19     2     9
  2.3252461579421838E-01 a      1235     1    19     2    10
 -6.2679334519469849E-03 a      1236     1    19     2    11
  4.8168706629957658E-01 a      1237     1    19     2    12
  3.0978882219803128E-01 a      1238     1    19     2    13
 -1.4298936850264188E-01 a      1239     1    19     2    14
  5.0945060818262178E-01 a      1240     1    19     2    15
  5.5609468946879625E-01 a      1241     1    19     2    16
  4.9157756171059830E-01 a      1242     1    19     2    17
 -3.5011994238376820E-01 a      1243     1    19     2    18
  4.3859812264644049E-01 a      1244     1    19     2    19
 -7.7321986586507852E-02 a      1245     1    19     2    20
  1.6488821225984829E-01 a      1246     1    19     2    21
 -5.0542484618509673E-02 a      1247     1    19     2    22
 -3.3001037138581146E-01 a      1248     1    19     2    23
  1.5916230383066676E-01 a      1249     1    19     2    24
  4.0622560759124510E-01 a      1250     1    19     2    25
 -5.1303905183614593E-02 a      1251     1    20     2     1
 -3.4659080942894455E-01 a      1252     1    20     2     2
  2.2401673006652073E-01 a      1253     1    20     2     3
 -8.4274150190717892E-02 a      1254     1    20     2     4
 -1.6202770446444245E-01 a      1255     1    20     2     5
  2.2827295270441966E-01 a      1256     1    20     2     6
 -2.9692686494127152E-01 a      1257     1    20     2     7
 -2.7334656762656517E-01 a      1258     1    20     2     8
 -2.8639530707336158E-01 a      1259     1    20     2     9
 -2.6107145699939133E-01 a      1260     1    20     2    10
  3.3001977251334291E-01 a      1261     1    20     2    11
  4.0246430662769445E-01 a      1262     1    20     2    12
 -9.9987308576565556E-02 a      1263     1    20     2    13
  2.1671223728624792E-01 a      1264     1    20     2    14
 -2.5752711612375140E-01 a      1265     1    20     2    15
  2.4192851857549097E-01 a      1266     1    20     2    16
  2.6488956006861736E-01 a      1267     1    20     2    17
  2.6759057177122220E-01 a      1268     1    20     2    18
 -4.2622355729899625E-01 a      1269     1    20     2    19
 -2.7665526098515020E-01 a      1270     1    20     2    20
  3.1024895604581360E-01 a      1271     1    20     2    21
 -1.7652872417553755E-01 a      1272     1    20     2    22
  3.2811987103553064E-01 a      1273     1    20     2    23
 -1.5969682747223787E-01 a      1274     1    20     2    24
  6.7849330517116196E-02 a      1275     1    20     2    25
 -1.9167549285149410E-01 a      1276     1    21     2     1
 -5.5465099188714291E-02 a      1277     1    21     2     2
  2.0666003929039306E-01 a      1278     1    21     2     3
 -4.5865188448040106E-02 a      1279     1    21     2     4
  7.9778290617510503E-02 a      1280     1    21     2     5
  3.0118719291609303E-01 a      1281     1    21     2     6
 -2.4561322564067525E-01 a      1282     1    21     2     7
 -5.0006378368131155E-01 a      1283     1    21     2     8
  1.7335975598148082E-01 a      1284     1    21     2     9
  1.0330173962002759E-01 a      1285     1    21     2    10
  3.0470866016044695E-01 a      1286     1    21     2    11
  7.9655050668750796E-02 a      1287     1    21     2    12
  2.0653983777025145E-01 a      1288     1    21     2    13
  1.3913298515053077E-01 a      1289     1    21     2    14
  1.5956591888787890E-02 a      1290     1    21     2    15
  2.1453750708641345E-01 a      1291     1    21     2    16
  1.0453350380749510E-01 a      1292     1    21     2    17
 -6.1903388035351899E-02 a      1293     1    21     2    18
 -4.2864126570465531E-02 a      1294     1    21     2    19
 -7.3263540360198817E-02 a      1295     1    21     2    20
  2.9348466139677237E-01 a      1296     1    21     2    21
 -3.8832508457423542E-01 a      1297     1    21     2    22
 -3.5359777026307621E-01 a      1298     1    21     2    23
 -3.0828235222382872E-01 a      1299     1    21     2    24
 -2.6871390981860305E-01 a      1300     1    21     2    25
 -2.0888354261118858E-01 a      1301     1    22     2     1
 -1.0931317311482625E-01 a      1302     1    22     2     2
 -1.9314155088323812E-01 a      1303     1    22     2     3
 -6.1349948335322313E-01 a      1304     1    22     2     4
  1.6266622527730637E-01 a      1305     1    22     2     5
  1.1048450697448718E-01 a      1306     1    22     2     6
 -2.1084996655332230E-01 a      1307     1    22     2     7
  4.5149379107761907E-03 a      1308     1    22     2     8
 -1.9206814289449445E-01 a      1309     1    22     2     9
 -3.1112294199030199E-01 a      1310     1    22     2    10
  2.7849348485355890E-01 a      1311     1    22     2    11
  1.4048445492214642E-01 a      1312     1    22     2    12
 -2.5349994035439943E-01 a      1313     1    22     2    13
  2.3627884191836471E-01 a      1314     1    22     2    14
 -5.8996600940186593E-03 a      1315     1    22     2    15
 -2.0874292983561568E-01 a      1316     1    22     2    16
  3.1416770588051690E-01 a      1317     1    22     2    17
 -2.5641677859936610E-02 a      1318     1    22     2    18
  3.2679145523416053E-02 a      1319     1    22     2    19
  2.4751540471124175E-01 a      1320     1    22     2    20
 -2.3450619971486208E-01 a      1321     1    22     2    21
  7.0134746456998243E-02 a      1322     1    22     2    22
  5.1409021361278132E-02 a      1323     1    22     2    23
  2.5120824773739586E-01 a      1324     1    22     2    24
 -8.6248249804856417E-02 a      1325     1    22     2    25
 -3.7439089468619624E-02 a      1326     1    23     2     1
  2.5653642899511355E-02 a      1327     1    23     2     2
 -1.9179861161605152E-01 a      1328     1    23     2     3
  5.0695692901702583E-01 a      1329     1    23     2     4
  4.6324778492860913E-01 a      1330     1    23     2     5
  3.6406419923856181E-01 a      1331     1    23     2     6
  9.3620699581013170E-02 a      1332     1    23     2     7
  2.6483312426832989E-01 a      1333     1    23     2     8
  3.5189075568829215E-01 a      1334     1    23     2     9
  6.4048916995929905E-02 a      1335     1    23     2    10
 -1.4215036560879982E-01 a      1336     1    23     2    11
  3.9845853312590629E-01 a      1337     1    23     2    12
  1.7145576248530792E-01 a      1338     1    23     2    13
  1.0026624964873564E-01 a      1339     1    23     2    14
 -5.2652089371692384E-03 a      1340     1    23     2    15
 -3.0055779243338840E-02 a      1341     1    23     2    16
  1.3905064730771668E-01 a      1342     1    23     2    17
 -3.9705840030932504E-01 a      1343     1    23     2    18
 -1.8810699165794828E-01 a      1344     1    23     2    19
  3.0901464017392999E-01 a      1345     1    23     2    20
 -1.0311401886216119E-01 a      1346     1    23     2    21
  2.9852224702326668E-01 a      1347     1    23     2    22
 -1.2623735746308795E-01 a      1348     1    23     2    23
 -8.1972163021994296E-02 a      1349     1    23     2    24
 -2.6143411653681836E-01 a      1350     1    23     2    25
  3.0494087209952481E-01 a      1351     1    24     2     1
 -1.8761705931351400E-01 a      1352     1    24     2     2
 -2.5276341078452935E-01 a      1353     1    24     2     3
  1.4880348283239778E-01 a      1354     1    24     2     4
  1.2241126816676920E-01 a      1355     1    24     2     5
  1.5353771130759644E-01 a      1356     1    24     2     6
 -7.8519322394447449E-02 a      1357     1    24     2     7
 -8.2158702976936254E-02 a      1358     1    24     2     8
  2.6444090037218437E-01 a      1359     1    24     2     9
  2.3985334386705862E-01 a      1360     1    24     2    10
  4.6552874923053855E-01 a      1361     1    24     2    11
  2.8094959923417617E-01 a      1362     1    24     2    12
  5.9598079004606293E-02 a      1363     1    24     2    13
 -2.9497095546670582E-01 a      1364     1    24     2    14
  4.1368834483403803E-02 a      1365     1    24     2    15
 -4.8137225518780941E-02 a      1366     1    24     2    16
  5.8022309461514418E-02 a      1367     1    24     2    17
 -2.7192030662669964E-01 a      1368     1    24     2    18
 -1.1000179799537932E-01 a      1369     1    24     2    19
  2.5672282955150433E-01 a      1370     1    24     2    20
 -5.6354804849807039E-01 a      1371     1    24     2    21
 -1.5882346769340711E-01 a      1372     1    24     2    22
 -6.6377241272919212E-03 a      1373     1    24     2    23
  3.1180524024533873E-02 a      1374     1    24     2    24
  2.5926019192020139E-01 a      1375     1    24     2    25
 -2.0441619738393974E-01 a      1376     1    25     2     1
 -2.0764375105286001E-01 a      1377     1    25     2     2
  3.4230325024070762E-01 a      1378     1    25     2     3
 -9.2644619515247426E-02 a      1379     1    25     2     4
 -4.9987344873339522E-02 a      1380     1    25     2     5
 -3.5379075499814986E-03 a      1381     1    25     2     6
 -2.1269071782002658E-01 a      1382     1    25     2     7
  1.2593876684718391E-01 a      1383     1    25     2     8
  1.4680639085421462E-02 a      1384     1    25     2     9
 -9.8330226363298162E-02 a      1385     1    25     2    10
 -2.6303043452630609E-01 a      1386     1    25     2    11
 -3.6405068747883257E-01 a      1387     1    25     2    12
  2.0208663479590653E-03 a      1388     1    25     2    13
  1.6407680127981863E-01 a      1389     1    25     2    14
  4.8943842745066447E-02 a      1390     1    25     2    15
  5.8923488995245681E-03 a      1391     1    25     2    16
  2.8722090173950765E-01 a      1392     1    25     2    17
 -7.7401022566442618E-03 a      1393     1    25     2    18
  6.4125482930939809E-02 a      1394     1    25     2    19
 -4.5955730867862428E-02 a      1395     1    25     2    20
  1.3500993404639999E-01 a      1396     1    25     2    21
  8.7396942896940513E-02 a      1397     1    25     2    22
 -3.1409267844064559E-01 a      1398     1    25     2    23
  1.8907823626975390E-01 a      1399     1    25     2    24
  1.4322875625647546E-01 a      1400     1    25     2    25
 -6.4852482222453933E-02 b      1401     2     1
  1.5979834956862574E-01 b      1402     2     2
  7.7392444153638815E-02 b      1403     2     3
  1.4674599417405434E-01 b      1404     2     4
  5.7614784416763459E-02 b      1405     2     5
 -7.4743309201394215E-02 b      1406     2     6
  3.6268233869213140E-01 b      1407     2     7
  2.9997643938600849E-01 b      1408     2     8
 -3.3525345589516961E-02 b      1409     2     9
  9.3086409072316731E-02 b      1410     2    10
  2.3756597887219844E-01 b      1411     2    11
  3.4356326713888680E-01 b      1412     2    12
  2.6834686866409013E-01 b      1413     2    13
  3.0530601639388627E-01 b      1414     2    14
 -4.4227150158223671E-01 b      1415     2    15
  3.6162196770389582E-01 b      1416     2    16
 -7.1368463945673277E-01 b      1417     2    17
  5.6651150266286554E-01 b      1418     2    18
  2.7690786650665700E-01 b      1419     2    19
 -1.9603556783829817E-01 b      1420     2    20
 -2.3148849516261913E-01 b      1421     2    21
 -4.0468526220851142E-01 b      1422     2    22
  5.6647305301321581E-02 b      1423     2    23
  3.1664883845245528E-01 b      1424     2    24
  1.1509225288084711E-01 b      1425     2    25
  1.0156368441605439E-02 a      1426     2     1     3     1
 -3.1030224024620834E-01 a      1427     2     2     3     1
 -5.9253727364822706E-01 a      1428     2     3     3     1
  2.1497806581899695E-01 a      1429     2     4     3     1
  3.6367975776861822E-01 a      1430     2     5     3     1
 -4.5790920825673334E-02 a      1431     2     6     3     1
 -5.0153253229697436E-01 a      1432     2     7     3     1
 -7.9294269963986908E-01 a      1433     2     8     3     1
 -3.8419087509851832E-02 a      1434     2     9     3     1
 -6.2597001036727065E-02 a      1435     2    10     3     1
 -5.0154839696323417E-01 a      1436     2    11     3     1
 -8.8277761454853176E-01 a      1437     2    12     3     1
 -9.8542117791930017E-01 a      1438     2    13     3     1
 -4.7924513489632609E-01 a      1439     2    14     3     1
  6.8103512461229632E-01 a      1440     2    15     3     1
 -9.8717329109926144E-01 a      1441     2    16     3     1
  9.2562420206838425E-01 a      1442     2    17     3     1
 -7.0041915558598655E-01 a      1443     2    18     3     1
 -9.4113095370090616E-01 a      1444     2    19     3     1
 -2.4087536864406006E-01 a      1445     2    20     3     1
  4.1579867008342136E-01 a      1446     2    21     3     1
  6.9525092477737827E-01 a      1447     2    22     3     1
 -3.1516654162732954E-01 a      1448     2    23     3     1
 -4.7180473936681488E-01 a      1449     2    24     3     1
  3.0040286442041086E-01 a      1450     2    25     3     1
 -5.3807781792387532E-01 b      1451     3     1
