################################################################################
# Neural network connection values (weights and biases).
################################################################################
# Col  Name       Description
################################################################################
# 1    connection Neural network connection value.
# 2    t          Connection type (a = weight, b = bias).
# 3    index      Index enumerating weights.
# 4    l_s        Starting point layer (end point layer for biases).
# 5    n_s        Starting point neuron in starting layer (end point neuron for biases).
# 6    l_e        End point layer.
# 7    n_e        End point neuron in end layer.
################################################################################
#                      1 2         3     4     5     6     7
#             connection t     index   l_s   n_s   l_e   n_e
############################################################
 -9.4904093537610146E-02 a         1     0     1     1     1
 -2.6359358500236563E-01 a         2     0     1     1     2
 -1.7603004023602115E-02 a         3     0     1     1     3
  1.8962244937691175E-01 a         4     0     1     1     4
  1.1137334563499197E-01 a         5     0     1     1     5
  2.2780862031501847E-01 a         6     0     1     1     6
 -1.4792828496575222E-01 a         7     0     1     1     7
 -1.7735159162738511E-03 a         8     0     1     1     8
 -1.9390787091924325E-01 a         9     0     1     1     9
  3.6150208286346264E-01 a        10     0     1     1    10
 -9.4068663632882354E-02 a        11     0     1     1    11
  1.5565405793254439E-01 a        12     0     1     1    12
 -1.4591925080004486E-01 a        13     0     1     1    13
  3.6091702842273576E-01 a        14     0     1     1    14
 -4.3068195194136505E-01 a        15     0     1     1    15
 -1.9550713772182865E-01 a        16     0     1     1    16
  1.9797608351627985E-01 a        17     0     1     1    17
  1.7115582235117094E-01 a        18     0     1     1    18
  1.9377329378954283E-02 a        19     0     1     1    19
  2.6220553580699485E-01 a        20     0     1     1    20
 -5.2070829785469827E-02 a        21     0     1     1    21
 -1.8935193391375010E-01 a        22     0     1     1    22
 -5.3420092935690194E-02 a        23     0     1     1    23
  1.7874563644817812E-01 a        24     0     1     1    24
 -2.0268985048230773E-01 a        25     0     1     1    25
  2.9133016550030327E-01 a        26     0     2     1     1
  2.8351775104535104E-01 a        27     0     2     1     2
 -5.3764994564495037E-02 a        28     0     2     1     3
 -2.3738549851446242E-01 a        29     0     2     1     4
  8.4225836101492715E-02 a        30     0     2     1     5
 -1.7839062248989940E-01 a        31     0     2     1     6
  3.3054544786420892E-01 a        32     0     2     1     7
  1.9112258064245760E-01 a        33     0     2     1     8
 -1.6153726773428415E-02 a        34     0     2     1     9
 -1.0448947192581415E-01 a        35     0     2     1    10
  3.4746110321167692E-03 a        36     0     2     1    11
 -2.1538980895728593E-01 a        37     0     2     1    12
  1.5996388236239764E-02 a        38     0     2     1    13
 -2.3542768378209164E-01 a        39     0     2     1    14
  1.8449311504082869E-01 a        40     0     2     1    15
  2.2266867296497120E-01 a        41     0     2     1    16
 -2.9841827342617749E-01 a        42     0     2     1    17
 -1.6197493191918383E-01 a        43     0     2     1    18
  2.7428660122753945E-01 a        44     0     2     1    19
 -1.2335780538535900E-01 a        45     0     2     1    20
  3.6902067648265940E-01 a        46     0     2     1    21
  2.4797826194435918E-01 a        47     0     2     1    22
 -2.6026499743871340E-01 a        48     0     2     1    23
 -3.2029992265039658E-01 a        49     0     2     1    24
 -6.5266347159090351E-03 a        50     0     2     1    25
  1.5346465898891407E-01 a        51     0     3     1     1
  2.3305795252798239E-01 a        52     0     3     1     2
 -1.2509439276289188E-02 a        53     0     3     1     3
 -1.9207801158801177E-01 a        54     0     3     1     4
 -1.0215627523365574E-01 a        55     0     3     1     5
 -2.6756993514159200E-01 a        56     0     3     1     6
 -4.2778028712123474E-02 a        57     0     3     1     7
 -5.5802271443317099E-02 a        58     0     3     1     8
  3.4490575209156288E-01 a        59     0     3     1     9
 -9.8789682717320651E-02 a        60     0     3     1    10
 -9.2807428685420079E-02 a        61     0     3     1    11
 -1.8847090964201582E-01 a        62     0     3     1    12
  3.0179473298208365E-01 a        63     0     3     1    13
 -4.4384239229589817E-01 a        64     0     3     1    14
  3.0525817042169034E-01 a        65     0     3     1    15
  7.9265846492366787E-02 a        66     0     3     1    16
  2.2540919451982377E-01 a        67     0     3     1    17
 -3.0710856287814222E-02 a        68     0     3     1    18
 -7.2265295122032856E-03 a        69     0     3     1    19
  2.3032759870022457E-01 a        70     0     3     1    20
 -6.6715348402786478E-02 a        71     0     3     1    21
  2.1861063890000579E-01 a        72     0     3     1    22
 -2.3177269992822921E-01 a        73     0     3     1    23
 -8.6027450475619230E-02 a        74     0     3     1    24
 -9.1318041865841373E-02 a        75     0     3     1    25
 -1.9903383863250904E-01 a        76     0     4     1     1
 -2.1398028922545401E-01 a        77     0     4     1     2
  1.7805052282479590E-02 a        78     0     4     1     3
  4.5866976071809992E-02 a        79     0     4     1     4
  2.3654281147081058E-01 a        80     0     4     1     5
 -2.4055931295726977E-02 a        81     0     4     1     6
 -4.8426832330699998E-02 a        82     0     4     1     7
  3.4233959440514279E-02 a        83     0     4     1     8
  5.5396388523235814E-02 a        84     0     4     1     9
 -5.5239535978617764E-03 a        85     0     4     1    10
  1.4835375910141746E-01 a        86     0     4     1    11
 -1.1121073685166384E-01 a        87     0     4     1    12
 -3.3284414052193539E-02 a        88     0     4     1    13
  1.5954522546175531E-01 a        89     0     4     1    14
 -2.8633372733762880E-01 a        90     0     4     1    15
  6.6735211315697084E-04 a        91     0     4     1    16
  5.7299306595818021E-02 a        92     0     4     1    17
 -1.1531735467935015E-04 a        93     0     4     1    18
  6.4864601367586594E-02 a        94     0     4     1    19
 -2.0602338524001901E-01 a        95     0     4     1    20
 -2.1118742421684014E-01 a        96     0     4     1    21
 -2.5293952596153574E-01 a        97     0     4     1    22
  5.6320384822569791E-01 a        98     0     4     1    23
  2.9071195085722540E-01 a        99     0     4     1    24
  1.1659968468013389E-01 a       100     0     4     1    25
 -5.0096911204779472E-02 a       101     0     5     1     1
 -1.1542034837525351E-01 a       102     0     5     1     2
 -6.3416513146806325E-02 a       103     0     5     1     3
 -4.8324077524424497E-02 a       104     0     5     1     4
  2.3023770287872147E-01 a       105     0     5     1     5
  8.5446125797859207E-02 a       106     0     5     1     6
  6.3262982758447897E-02 a       107     0     5     1     7
 -2.3227239591170501E-01 a       108     0     5     1     8
 -3.0783307189634518E-01 a       109     0     5     1     9
 -1.2605386284141342E-02 a       110     0     5     1    10
  1.9630799622207870E-01 a       111     0     5     1    11
  1.5478945376736453E-01 a       112     0     5     1    12
  8.0800315411086773E-02 a       113     0     5     1    13
 -1.0534504144899337E-01 a       114     0     5     1    14
  6.9953695989837181E-02 a       115     0     5     1    15
  1.1046443709100980E-01 a       116     0     5     1    16
  1.3031520106628020E-01 a       117     0     5     1    17
  1.4350944629017018E-01 a       118     0     5     1    18
 -1.4064342825206183E-01 a       119     0     5     1    19
 -2.7818987727040090E-01 a       120     0     5     1    20
 -7.6671127200616251E-02 a       121     0     5     1    21
  9.5900911259545168E-02 a       122     0     5     1    22
 -1.2006467983857912E-01 a       123     0     5     1    23
  9.0240541420721326E-02 a       124     0     5     1    24
 -2.2267808269938256E-02 a       125     0     5     1    25
  1.1092667145350320E-01 a       126     0     6     1     1
  2.0537852600054185E-01 a       127     0     6     1     2
  2.3793217232706182E-01 a       128     0     6     1     3
 -2.5725085945563563E-02 a       129     0     6     1     4
 -3.2823179329637475E-01 a       130     0     6     1     5
  6.0320996513081690E-02 a       131     0     6     1     6
 -1.8154888249688447E-01 a       132     0     6     1     7
 -6.1229552827704148E-02 a       133     0     6     1     8
  7.1201701438622381E-02 a       134     0     6     1     9
 -1.0476813287192811E-01 a       135     0     6     1    10
  1.5304618282315119E-01 a       136     0     6     1    11
 -1.2785258517250720E-02 a       137     0     6     1    12
 -1.0676311720018221E-01 a       138     0     6     1    13
 -1.2989556591817647E-01 a       139     0     6     1    14
 -6.2444053456903251E-02 a       140     0     6     1    15
 -6.3568912306606329E-02 a       141     0     6     1    16
  5.5388538698338041E-02 a       142     0     6     1    17
  4.1229217274705486E-02 a       143     0     6     1    18
  2.0932316385861568E-02 a       144     0     6     1    19
  3.2337591803132099E-01 a       145     0     6     1    20
  6.2827914739508786E-02 a       146     0     6     1    21
 -8.6970675344617554E-02 a       147     0     6     1    22
  2.0669785298604296E-01 a       148     0     6     1    23
  2.3365673981058160E-03 a       149     0     6     1    24
  5.9298380309036662E-02 a       150     0     6     1    25
  6.0162385073463914E-02 a       151     0     7     1     1
 -7.3497934583095337E-02 a       152     0     7     1     2
 -8.0846205846615296E-02 a       153     0     7     1     3
  1.2161138430273351E-01 a       154     0     7     1     4
 -2.5349878704285278E-01 a       155     0     7     1     5
  3.7721759448487063E-01 a       156     0     7     1     6
  1.0033269278550284E-01 a       157     0     7     1     7
  4.7692874155900448E-02 a       158     0     7     1     8
  4.4801220371772775E-02 a       159     0     7     1     9
  1.4142172173548234E-01 a       160     0     7     1    10
 -1.9492285235621032E-01 a       161     0     7     1    11
 -1.7431757078778548E-01 a       162     0     7     1    12
  1.0712444549756329E-02 a       163     0     7     1    13
  2.3682221073829332E-01 a       164     0     7     1    14
 -1.5865024901417563E-01 a       165     0     7     1    15
 -5.9709048869846029E-02 a       166     0     7     1    16
  3.3874809317608362E-02 a       167     0     7     1    17
  9.7224426301406403E-02 a       168     0     7     1    18
 -3.4962437258212475E-01 a       169     0     7     1    19
 -4.5690511499484991E-02 a       170     0     7     1    20
  1.3047353607293824E-01 a       171     0     7     1    21
 -9.8993278381089372E-02 a       172     0     7     1    22
 -1.0311179664493379E-01 a       173     0     7     1    23
  3.3594581415897468E-01 a       174     0     7     1    24
  4.7306122293827108E-02 a       175     0     7     1    25
  3.6751557685171587E-01 a       176     0     8     1     1
 -8.9829059834016969E-02 a       177     0     8     1     2
  1.5793820149015045E-01 a       178     0     8     1     3
  1.4863597504059325E-01 a       179     0     8     1     4
  2.3811345147532967E-01 a       180     0     8     1     5
 -3.2177167695489471E-02 a       181     0     8     1     6
  1.8294336586730064E-01 a       182     0     8     1     7
  6.6936864832962822E-02 a       183     0     8     1     8
  2.4749867938366109E-02 a       184     0     8     1     9
  1.7840703764540550E-01 a       185     0     8     1    10
 -6.8168607102846182E-02 a       186     0     8     1    11
 -1.8164325383877372E-03 a       187     0     8     1    12
  2.8146041013160310E-02 a       188     0     8     1    13
  3.3742228875752303E-02 a       189     0     8     1    14
  2.1490714312968603E-01 a       190     0     8     1    15
  1.6188158186120832E-01 a       191     0     8     1    16
 -3.7895037895128303E-01 a       192     0     8     1    17
 -8.7988894133613327E-02 a       193     0     8     1    18
 -3.8510816527820929E-01 a       194     0     8     1    19
 -1.2840127174144184E-01 a       195     0     8     1    20
 -1.5091846198674724E-01 a       196     0     8     1    21
  1.8464178608699378E-01 a       197     0     8     1    22
 -2.0779208689854078E-01 a       198     0     8     1    23
  1.6400951306230488E-01 a       199     0     8     1    24
 -2.9200796288766370E-02 a       200     0     8     1    25
 -4.6337700442639233E-02 a       201     0     9     1     1
 -1.4595208862499515E-01 a       202     0     9     1     2
  9.8464044897538530E-02 a       203     0     9     1     3
  2.6963746719224049E-02 a       204     0     9     1     4
 -1.3954199065412529E-01 a       205     0     9     1     5
 -2.4474407445470236E-01 a       206     0     9     1     6
 -1.1696790517608241E-01 a       207     0     9     1     7
  1.3596997059293112E-01 a       208     0     9     1     8
  7.4617418471259814E-03 a       209     0     9     1     9
  1.2845146911602870E-01 a       210     0     9     1    10
 -3.1733595594611813E-01 a       211     0     9     1    11
  4.2579481987542094E-03 a       212     0     9     1    12
 -2.2591680218547888E-01 a       213     0     9     1    13
 -1.1297154587991505E-01 a       214     0     9     1    14
  6.9072993604102781E-02 a       215     0     9     1    15
 -6.5301388224374923E-02 a       216     0     9     1    16
 -1.6091726677983062E-01 a       217     0     9     1    17
  9.1867610903032720E-02 a       218     0     9     1    18
 -1.1254398490832007E-01 a       219     0     9     1    19
  2.5126737082065553E-01 a       220     0     9     1    20
 -1.2928368066242010E-01 a       221     0     9     1    21
  4.0697344444189452E-02 a       222     0     9     1    22
  3.8487523827580794E-01 a       223     0     9     1    23
  3.0296661804734232E-01 a       224     0     9     1    24
  2.8673937355395088E-02 a       225     0     9     1    25
  1.0759804429220611E-01 a       226     0    10     1     1
 -9.5729489987968527E-02 a       227     0    10     1     2
 -9.8909546284286554E-02 a       228     0    10     1     3
  1.1085513724038752E-01 a       229     0    10     1     4
  1.7710533953746027E-01 a       230     0    10     1     5
  4.0148811679669533E-01 a       231     0    10     1     6
  6.1817632146639330E-02 a       232     0    10     1     7
  6.6542641119528165E-02 a       233     0    10     1     8
 -2.1635238773183355E-01 a       234     0    10     1     9
 -2.4474277818310042E-01 a       235     0    10     1    10
  3.0171721366615672E-01 a       236     0    10     1    11
  4.5553910929963887E-01 a       237     0    10     1    12
  5.4443604568926933E-02 a       238     0    10     1    13
  4.2847405312195691E-02 a       239     0    10     1    14
 -2.2202422017183987E-01 a       240     0    10     1    15
  7.5636221491193631E-02 a       241     0    10     1    16
 -3.4225082137076612E-01 a       242     0    10     1    17
  3.6916841942608969E-01 a       243     0    10     1    18
 -2.3131352223575843E-02 a       244     0    10     1    19
  3.4637912279118616E-01 a       245     0    10     1    20
 -5.1219962451876766E-01 a       246     0    10     1    21
  1.0282435670089200E-01 a       247     0    10     1    22
  4.2369634121884975E-01 a       248     0    10     1    23
 -3.5791395015293098E-01 a       249     0    10     1    24
  6.8659868652933609E-02 a       250     0    10     1    25
  2.0565523790935364E-01 a       251     0    11     1     1
 -1.8505223950400418E-01 a       252     0    11     1     2
  1.2733565465622962E-01 a       253     0    11     1     3
  1.9743381185209768E-01 a       254     0    11     1     4
  9.1549340415511896E-02 a       255     0    11     1     5
  7.8522099986992652E-02 a       256     0    11     1     6
 -2.9393553230868547E-01 a       257     0    11     1     7
 -2.4357895394359061E-01 a       258     0    11     1     8
  3.2666095552135305E-01 a       259     0    11     1     9
 -1.0234485082257350E-01 a       260     0    11     1    10
  1.8720476327601457E-01 a       261     0    11     1    11
 -3.5425954268906962E-02 a       262     0    11     1    12
  2.2819354990919224E-01 a       263     0    11     1    13
 -2.8080015278762610E-01 a       264     0    11     1    14
  3.5351336433598890E-01 a       265     0    11     1    15
  7.5278193082572824E-03 a       266     0    11     1    16
 -2.5975835361975985E-01 a       267     0    11     1    17
 -1.4550503501255704E-01 a       268     0    11     1    18
 -1.6483217114149273E-01 a       269     0    11     1    19
  5.9775462112397737E-01 a       270     0    11     1    20
  2.0495976773545932E-01 a       271     0    11     1    21
  1.6572176890375645E-01 a       272     0    11     1    22
  4.3435794988243531E-01 a       273     0    11     1    23
 -3.4063058576293032E-01 a       274     0    11     1    24
  7.7756579246660823E-02 a       275     0    11     1    25
  1.7519031151409986E-01 a       276     0    12     1     1
 -3.8484041335771164E-02 a       277     0    12     1     2
 -2.4742587616228945E-01 a       278     0    12     1     3
 -1.3283675162224018E-01 a       279     0    12     1     4
  1.2366500165516238E-01 a       280     0    12     1     5
 -3.6047731283975804E-01 a       281     0    12     1     6
  1.5288613975586701E-01 a       282     0    12     1     7
  6.3725039437060232E-02 a       283     0    12     1     8
 -3.0466188004034689E-01 a       284     0    12     1     9
  2.1432625229202901E-01 a       285     0    12     1    10
 -2.4536301417137213E-01 a       286     0    12     1    11
 -1.5742604347625205E-01 a       287     0    12     1    12
  1.7751957693531867E-01 a       288     0    12     1    13
  3.5210583832578207E-01 a       289     0    12     1    14
  9.7386446969345411E-02 a       290     0    12     1    15
  1.6123832454384068E-01 a       291     0    12     1    16
  1.7478508206860657E-02 a       292     0    12     1    17
 -1.6345879611553052E-01 a       293     0    12     1    18
  3.4974065729246240E-01 a       294     0    12     1    19
 -2.3183735217996884E-01 a       295     0    12     1    20
  1.9815581659465384E-01 a       296     0    12     1    21
 -7.1029294221786705E-03 a       297     0    12     1    22
  6.0899763665804560E-02 a       298     0    12     1    23
 -8.7290918978006310E-02 a       299     0    12     1    24
 -8.0203667386957694E-02 a       300     0    12     1    25
  4.2123766098405964E-02 a       301     0    13     1     1
  6.8090563922372715E-01 a       302     0    13     1     2
 -9.4630753685329763E-02 a       303     0    13     1     3
 -8.2453873295238400E-02 a       304     0    13     1     4
 -3.8481727643950803E-01 a       305     0    13     1     5
  1.5765861389286157E-01 a       306     0    13     1     6
  1.5337970291046563E-02 a       307     0    13     1     7
  5.1492954043856154E-01 a       308     0    13     1     8
  3.6574404817774159E-01 a       309     0    13     1     9
 -1.2064625230570791E-01 a       310     0    13     1    10
  4.7922751134927416E-01 a       311     0    13     1    11
 -3.3738936534216502E-01 a       312     0    13     1    12
  1.8945938116858105E-01 a       313     0    13     1    13
  6.6532575348537970E-01 a       314     0    13     1    14
 -3.5888510589536171E-01 a       315     0    13     1    15
 -3.0098444168695748E-01 a       316     0    13     1    16
 -6.3569518517862383E-02 a       317     0    13     1    17
  6.0568370144409767E-01 a       318     0    13     1    18
  1.9512882519356498E-01 a       319     0    13     1    19
 -3.1236895128066400E-01 a       320     0    13     1    20
 -3.7407541327787526E-03 a       321     0    13     1    21
  4.3737186728515391E-02 a       322     0    13     1    22
 -2.9459618638941870E-01 a       323     0    13     1    23
 -2.1066850765587276E-02 a       324     0    13     1    24
 -1.6370481865341478E-02 a       325     0    13     1    25
  1.0867315579975736E-01 a       326     0    14     1     1
  4.6418507020684674E-02 a       327     0    14     1     2
  2.9670679216318552E-01 a       328     0    14     1     3
  7.7890430630597640E-02 a       329     0    14     1     4
  1.5813016552213949E-01 a       330     0    14     1     5
  3.0487311233903658E-01 a       331     0    14     1     6
 -1.0344654365951178E-01 a       332     0    14     1     7
  1.4069302524387617E-01 a       333     0    14     1     8
  8.5195527120181858E-02 a       334     0    14     1     9
 -6.4647926778949505E-01 a       335     0    14     1    10
  1.0331302088147899E-01 a       336     0    14     1    11
  5.8500735721525443E-01 a       337     0    14     1    12
 -3.3368431574050464E-02 a       338     0    14     1    13
  1.8174563492385876E-01 a       339     0    14     1    14
  5.6521625511069595E-02 a       340     0    14     1    15
  6.0657237329664951E-02 a       341     0    14     1    16
  2.8384761027059546E-01 a       342     0    14     1    17
  5.6020258043931304E-01 a       343     0    14     1    18
 -5.8341445477757858E-01 a       344     0    14     1    19
 -1.6777690848589524E-01 a       345     0    14     1    20
 -3.2436479766730464E-01 a       346     0    14     1    21
  5.1909079687847207E-02 a       347     0    14     1    22
  5.4825433906954479E-01 a       348     0    14     1    23
 -1.0612518692284303E-01 a       349     0    14     1    24
  8.1607762912137088E-02 a       350     0    14     1    25
 -1.7968294666000847E-01 a       351     0    15     1     1
 -5.0424357234456663E-01 a       352     0    15     1     2
 -5.5660409178666892E-01 a       353     0    15     1     3
  1.4847391412436475E-01 a       354     0    15     1     4
  5.8935285171941054E-01 a       355     0    15     1     5
  2.6762459799637789E-01 a       356     0    15     1     6
  3.6652555256891683E-01 a       357     0    15     1     7
 -1.1128938957902217E-02 a       358     0    15     1     8
  9.4148243732778233E-02 a       359     0    15     1     9
  6.2702069533706134E-02 a       360     0    15     1    10
 -3.8140911819779355E-01 a       361     0    15     1    11
 -8.3299509589248047E-02 a       362     0    15     1    12
  2.5033640893905668E-02 a       363     0    15     1    13
 -1.7570165203535110E-01 a       364     0    15     1    14
  2.7861359558501686E-01 a       365     0    15     1    15
 -5.5499908919092433E-01 a       366     0    15     1    16
 -2.6058359744281487E-02 a       367     0    15     1    17
 -2.8909106927658867E-01 a       368     0    15     1    18
  1.6459886904170754E-01 a       369     0    15     1    19
  1.0461869039456861E+00 a       370     0    15     1    20
 -1.1070572090560425E-01 a       371     0    15     1    21
 -4.9764798204776715E-02 a       372     0    15     1    22
  1.1312670236643600E-01 a       373     0    15     1    23
  3.6886307391411699E-01 a       374     0    15     1    24
  6.0982447788124383E-01 a       375     0    15     1    25
  3.4032779817073650E-01 a       376     0    16     1     1
 -3.5348968906772828E-03 a       377     0    16     1     2
 -4.7606063842153079E-01 a       378     0    16     1     3
  8.6301089959782001E-02 a       379     0    16     1     4
 -3.5755764559063829E-04 a       380     0    16     1     5
  9.4529672637109277E-02 a       381     0    16     1     6
  7.8981254179184612E-02 a       382     0    16     1     7
  3.4059251163192339E-01 a       383     0    16     1     8
 -1.0765247946061986E-01 a       384     0    16     1     9
  5.8792818155815729E-01 a       385     0    16     1    10
 -1.9452959401713749E-01 a       386     0    16     1    11
  2.9915603767826082E-01 a       387     0    16     1    12
  7.8545092223805096E-02 a       388     0    16     1    13
  2.0590989791462794E-01 a       389     0    16     1    14
 -5.9541033564306338E-02 a       390     0    16     1    15
  9.1979566791320078E-02 a       391     0    16     1    16
 -3.1196768281157644E-01 a       392     0    16     1    17
  2.7724939493739631E-01 a       393     0    16     1    18
  1.8170427302041078E-01 a       394     0    16     1    19
  7.5663208192043890E-02 a       395     0    16     1    20
 -3.6429718349430235E-01 a       396     0    16     1    21
  1.2659610734685309E-01 a       397     0    16     1    22
  1.2329226754087197E-01 a       398     0    16     1    23
 -8.2236882566236111E-02 a       399     0    16     1    24
 -2.2329214891963864E-01 a       400     0    16     1    25
 -1.7233112991834037E-02 a       401     0    17     1     1
  4.5927366815695349E-02 a       402     0    17     1     2
  2.1009792699968211E-03 a       403     0    17     1     3
  1.8864653200168231E-02 a       404     0    17     1     4
  6.2709181375797257E-03 a       405     0    17     1     5
 -9.4237631655847337E-02 a       406     0    17     1     6
  9.7849181203219296E-02 a       407     0    17     1     7
 -1.7802832675324820E-01 a       408     0    17     1     8
 -2.5498907022638424E-02 a       409     0    17     1     9
 -1.7301152096065436E-01 a       410     0    17     1    10
  1.1379141538500966E-01 a       411     0    17     1    11
  2.0300328069516775E-03 a       412     0    17     1    12
  4.2641785060219019E-02 a       413     0    17     1    13
 -8.6865431728127829E-02 a       414     0    17     1    14
  3.4484726068911551E-03 a       415     0    17     1    15
 -3.2584956711684099E-02 a       416     0    17     1    16
 -5.9363593876366940E-03 a       417     0    17     1    17
 -1.1176846984169329E-01 a       418     0    17     1    18
  2.2636000975077310E-02 a       419     0    17     1    19
 -6.6675318585353124E-02 a       420     0    17     1    20
  5.2633946981494560E-03 a       421     0    17     1    21
 -9.0432509117806870E-02 a       422     0    17     1    22
  1.1122861166425475E-01 a       423     0    17     1    23
 -4.7353401616185530E-03 a       424     0    17     1    24
  7.3399323806649042E-02 a       425     0    17     1    25
  1.1281882074320494E-01 a       426     0    18     1     1
  1.7698567109249022E-01 a       427     0    18     1     2
  4.6173685408993179E-02 a       428     0    18     1     3
 -3.0693503307919444E-03 a       429     0    18     1     4
  3.3870250331127921E-01 a       430     0    18     1     5
 -1.6204228841456614E-01 a       431     0    18     1     6
 -3.8233769824524873E-02 a       432     0    18     1     7
  5.4451673262089162E-01 a       433     0    18     1     8
 -1.0695100471219447E-01 a       434     0    18     1     9
  9.1602468450068725E-02 a       435     0    18     1    10
 -2.2043897277431984E-01 a       436     0    18     1    11
  1.5023386681277298E-04 a       437     0    18     1    12
  2.9157054408104532E-01 a       438     0    18     1    13
  1.8967664081542723E-01 a       439     0    18     1    14
 -4.4562155198547178E-02 a       440     0    18     1    15
  2.6096968341461385E-01 a       441     0    18     1    16
 -1.8286298401623347E-01 a       442     0    18     1    17
  1.7425476966124637E-01 a       443     0    18     1    18
  1.9889042453389003E-01 a       444     0    18     1    19
 -1.4628030739792125E-02 a       445     0    18     1    20
 -1.8310461750897589E-01 a       446     0    18     1    21
  1.2562257869606065E-02 a       447     0    18     1    22
  1.7917302726926476E-01 a       448     0    18     1    23
 -9.7116045689849217E-02 a       449     0    18     1    24
 -1.8793541884872523E-02 a       450     0    18     1    25
 -1.4132530300672477E-01 a       451     0    19     1     1
  1.0238606558055265E-01 a       452     0    19     1     2
  2.4774033626786734E-01 a       453     0    19     1     3
  1.2422790405185150E-01 a       454     0    19     1     4
  1.2652717947409461E-01 a       455     0    19     1     5
 -1.2913545451583311E-01 a       456     0    19     1     6
 -1.3626548584548624E-02 a       457     0    19     1     7
  1.2610219622315841E-01 a       458     0    19     1     8
 -1.5361331754251931E-02 a       459     0    19     1     9
 -1.6717995168789812E-01 a       460     0    19     1    10
 -1.3414998373141712E-01 a       461     0    19     1    11
  8.4456400858130276E-02 a       462     0    19     1    12
  3.4305046462304201E-02 a       463     0    19     1    13
 -1.5927209538985122E-02 a       464     0    19     1    14
  1.4326239292804741E-01 a       465     0    19     1    15
  8.4821613659569181E-02 a       466     0    19     1    16
 -4.5464453927573194E-03 a       467     0    19     1    17
  1.9843070131349057E-02 a       468     0    19     1    18
  7.4481306386215515E-02 a       469     0    19     1    19
  4.8821724374774604E-02 a       470     0    19     1    20
 -4.2867325955460320E-02 a       471     0    19     1    21
 -1.0103549610388200E-01 a       472     0    19     1    22
  3.8842549460893980E-02 a       473     0    19     1    23
  1.0257646085119780E-01 a       474     0    19     1    24
  7.4122171766251702E-02 a       475     0    19     1    25
  2.6212947149845196E-02 a       476     0    20     1     1
 -1.8201454750987899E-02 a       477     0    20     1     2
 -5.7768779774536184E-02 a       478     0    20     1     3
  6.1953520873555178E-02 a       479     0    20     1     4
 -2.9442750955715202E-01 a       480     0    20     1     5
 -3.7785471667134703E-02 a       481     0    20     1     6
 -1.4206458414403725E-01 a       482     0    20     1     7
 -5.8072259133209354E-02 a       483     0    20     1     8
 -4.1107041374547112E-02 a       484     0    20     1     9
 -3.0717921616739911E-02 a       485     0    20     1    10
  2.1158211790440887E-01 a       486     0    20     1    11
 -1.0524645551099286E-01 a       487     0    20     1    12
  7.4167231657704294E-02 a       488     0    20     1    13
 -1.7602577574168329E-01 a       489     0    20     1    14
  1.1225765210094527E-01 a       490     0    20     1    15
 -3.1910108156069712E-02 a       491     0    20     1    16
  1.9050674909361468E-02 a       492     0    20     1    17
 -3.1862036342232558E-03 a       493     0    20     1    18
 -2.4267852672110343E-02 a       494     0    20     1    19
 -3.6632594223767703E-02 a       495     0    20     1    20
 -2.7306873198935589E-02 a       496     0    20     1    21
  2.6630570398845466E-02 a       497     0    20     1    22
  3.2468407745532696E-02 a       498     0    20     1    23
  1.9277811206265755E-01 a       499     0    20     1    24
 -6.5253462310560700E-02 a       500     0    20     1    25
 -2.1794061758665714E-01 a       501     0    21     1     1
 -1.8094916753401730E-01 a       502     0    21     1     2
 -3.7838553858547778E-02 a       503     0    21     1     3
 -2.0045202687198713E-01 a       504     0    21     1     4
 -1.8096738852857464E-01 a       505     0    21     1     5
 -1.2682663105060235E-02 a       506     0    21     1     6
  2.5777015795518693E-01 a       507     0    21     1     7
 -3.2577188587587841E-01 a       508     0    21     1     8
 -1.1241947031156430E-01 a       509     0    21     1     9
 -1.3489673840652375E-01 a       510     0    21     1    10
  2.5330061931308429E-01 a       511     0    21     1    11
 -1.4099539270751055E-01 a       512     0    21     1    12
 -1.1321399054042440E-02 a       513     0    21     1    13
 -2.6382399757144864E-01 a       514     0    21     1    14
 -3.4902266944953284E-03 a       515     0    21     1    15
 -2.7926686284741248E-01 a       516     0    21     1    16
  1.1304856901344662E-01 a       517     0    21     1    17
 -2.4899880077126957E-01 a       518     0    21     1    18
 -1.8228755850006539E-01 a       519     0    21     1    19
  1.0957850746086241E-01 a       520     0    21     1    20
  9.4925666182007762E-02 a       521     0    21     1    21
  3.0321085173687216E-03 a       522     0    21     1    22
 -1.2993326625806606E-01 a       523     0    21     1    23
  3.9347685049749524E-02 a       524     0    21     1    24
  3.9168609197314214E-02 a       525     0    21     1    25
  1.4539665168247401E-01 a       526     0    22     1     1
 -1.9352937715228155E-01 a       527     0    22     1     2
 -1.6124039583523178E-01 a       528     0    22     1     3
 -2.6115404654248803E-01 a       529     0    22     1     4
  4.1189944084132131E-02 a       530     0    22     1     5
  2.2347733918727281E-01 a       531     0    22     1     6
  2.2129332627819173E-01 a       532     0    22     1     7
 -5.5947827301139827E-02 a       533     0    22     1     8
  2.4789161123731276E-01 a       534     0    22     1     9
  1.3521240451504540E-01 a       535     0    22     1    10
  6.2845456387680770E-02 a       536     0    22     1    11
  2.5670386477002394E-01 a       537     0    22     1    12
 -2.2447365186617382E-01 a       538     0    22     1    13
  1.5633894949755013E-02 a       539     0    22     1    14
 -4.7423872264982930E-01 a       540     0    22     1    15
 -2.3144043898422109E-01 a       541     0    22     1    16
  1.3713395969148903E-01 a       542     0    22     1    17
  1.5731835249355924E-01 a       543     0    22     1    18
 -1.1108780721650334E-02 a       544     0    22     1    19
 -2.9729084173555892E-01 a       545     0    22     1    20
  1.5250345844431998E-01 a       546     0    22     1    21
 -1.1456293171783964E-01 a       547     0    22     1    22
 -7.5802372546463978E-02 a       548     0    22     1    23
 -2.9710467258234879E-01 a       549     0    22     1    24
  2.9250706556128248E-01 a       550     0    22     1    25
  1.1785498479581222E-01 a       551     0    23     1     1
 -1.5987565271070497E-01 a       552     0    23     1     2
 -8.6387391048419332E-02 a       553     0    23     1     3
 -8.3389684848701587E-02 a       554     0    23     1     4
 -7.6103076825168356E-02 a       555     0    23     1     5
  1.0694795826407064E-01 a       556     0    23     1     6
  7.4807312136131730E-04 a       557     0    23     1     7
 -8.8326318923711150E-02 a       558     0    23     1     8
 -3.7005660743057991E-03 a       559     0    23     1     9
  2.5315914689331620E-01 a       560     0    23     1    10
 -2.2767834792433569E-01 a       561     0    23     1    11
 -2.8706735782317022E-01 a       562     0    23     1    12
 -2.5534806533588483E-01 a       563     0    23     1    13
  3.2859741570182660E-01 a       564     0    23     1    14
  8.6509811781005266E-02 a       565     0    23     1    15
  1.8460191794973613E-01 a       566     0    23     1    16
 -4.3272485346232109E-01 a       567     0    23     1    17
 -2.6224532586530919E-01 a       568     0    23     1    18
 -2.2469200916775366E-02 a       569     0    23     1    19
  1.0940396709866945E-01 a       570     0    23     1    20
 -1.3535360973398305E-01 a       571     0    23     1    21
 -5.5275420768378769E-02 a       572     0    23     1    22
  1.9077003921930608E-01 a       573     0    23     1    23
 -1.5266506056321384E-02 a       574     0    23     1    24
  2.1914025988007471E-01 a       575     0    23     1    25
 -1.3353103929481236E-01 a       576     0    24     1     1
 -1.8413462157015800E-01 a       577     0    24     1     2
  6.7641994556420684E-02 a       578     0    24     1     3
 -8.7995346042352859E-02 a       579     0    24     1     4
 -4.2812391426363561E-01 a       580     0    24     1     5
 -2.6764855989330144E-01 a       581     0    24     1     6
  7.9836490740614025E-02 a       582     0    24     1     7
  5.7182233181012876E-01 a       583     0    24     1     8
 -1.3296309724076888E-01 a       584     0    24     1     9
  1.2870727473930846E-02 a       585     0    24     1    10
  2.9216256077429748E-01 a       586     0    24     1    11
  1.8137255572288255E-01 a       587     0    24     1    12
  7.6923563050761604E-02 a       588     0    24     1    13
 -3.7594236894326943E-01 a       589     0    24     1    14
  1.8174454269787713E-01 a       590     0    24     1    15
 -2.8259771468745543E-01 a       591     0    24     1    16
 -3.9535157082344112E-02 a       592     0    24     1    17
 -2.0498370534242374E-01 a       593     0    24     1    18
  1.2379094413882170E-01 a       594     0    24     1    19
 -5.2941334929277539E-01 a       595     0    24     1    20
  1.4363758604216623E-01 a       596     0    24     1    21
  5.6152127624942677E-02 a       597     0    24     1    22
 -1.4621714298608202E-01 a       598     0    24     1    23
  3.8871884896797236E-02 a       599     0    24     1    24
 -1.5613029525505143E-01 a       600     0    24     1    25
 -1.5653079296974703E-01 a       601     0    25     1     1
 -1.5426536957996273E-01 a       602     0    25     1     2
 -1.2864480239553186E-01 a       603     0    25     1     3
 -1.4683604525634611E-01 a       604     0    25     1     4
 -1.0263957548557984E-02 a       605     0    25     1     5
 -2.7858945959002443E-02 a       606     0    25     1     6
 -1.4614757937384826E-01 a       607     0    25     1     7
 -2.6899549534176842E-01 a       608     0    25     1     8
  2.4595960085997950E-01 a       609     0    25     1     9
  1.1801146356660387E-02 a       610     0    25     1    10
 -1.2239559188661596E-01 a       611     0    25     1    11
  3.3306896575279038E-01 a       612     0    25     1    12
  9.7023078812292496E-02 a       613     0    25     1    13
  1.5342209182646627E-01 a       614     0    25     1    14
 -2.9223796336040725E-01 a       615     0    25     1    15
 -1.3707356739199095E-01 a       616     0    25     1    16
  5.4749448460814469E-02 a       617     0    25     1    17
 -1.0080073874856094E-01 a       618     0    25     1    18
  4.0418526944930877E-01 a       619     0    25     1    19
 -5.0189548809176199E-02 a       620     0    25     1    20
 -7.3100620414292869E-02 a       621     0    25     1    21
 -6.3780876163275727E-02 a       622     0    25     1    22
 -8.4589525851743466E-02 a       623     0    25     1    23
 -8.2687216870324071E-02 a       624     0    25     1    24
  1.2073999633707420E-02 a       625     0    25     1    25
 -6.7983113126473343E-02 a       626     0    26     1     1
 -3.5897041299144300E-01 a       627     0    26     1     2
 -2.2613875043881798E-01 a       628     0    26     1     3
 -2.4092845321310455E-01 a       629     0    26     1     4
 -1.5581120174295360E-01 a       630     0    26     1     5
  2.8801573502270755E-01 a       631     0    26     1     6
  2.6771157821749211E-02 a       632     0    26     1     7
 -4.8281699218433678E-02 a       633     0    26     1     8
  1.5600700995953812E-01 a       634     0    26     1     9
  2.5714425746276948E-01 a       635     0    26     1    10
  3.6155394361010278E-02 a       636     0    26     1    11
  4.5733347719542676E-02 a       637     0    26     1    12
  1.1566212204748972E-02 a       638     0    26     1    13
 -1.2144414702802231E-01 a       639     0    26     1    14
 -1.0705476129668910E-01 a       640     0    26     1    15
 -1.6092456452617365E-01 a       641     0    26     1    16
  2.8899079502103198E-01 a       642     0    26     1    17
  2.2487990357177599E-02 a       643     0    26     1    18
 -1.2577645952830424E-01 a       644     0    26     1    19
  2.0065426354281637E-01 a       645     0    26     1    20
  2.1101084224302696E-01 a       646     0    26     1    21
  3.7741417656647674E-01 a       647     0    26     1    22
 -1.1233118152927304E-01 a       648     0    26     1    23
 -2.0921195592790248E-02 a       649     0    26     1    24
 -1.7902334579596771E-01 a       650     0    26     1    25
 -1.0521490242197050E-01 a       651     0    27     1     1
  6.0066911311285431E-01 a       652     0    27     1     2
 -2.0394404506352222E-02 a       653     0    27     1     3
  8.4177119609092313E-02 a       654     0    27     1     4
 -1.8418120558934198E-01 a       655     0    27     1     5
  3.2316637568375564E-02 a       656     0    27     1     6
 -1.6274253255348373E-01 a       657     0    27     1     7
 -3.4024313925793909E-01 a       658     0    27     1     8
 -5.7239198284300033E-02 a       659     0    27     1     9
 -3.3731346651171912E-01 a       660     0    27     1    10
  3.1596716458587393E-01 a       661     0    27     1    11
 -5.0389608540633790E-01 a       662     0    27     1    12
 -3.0406919677089255E-03 a       663     0    27     1    13
 -3.1240748214998032E-02 a       664     0    27     1    14
  2.6741035289872267E-01 a       665     0    27     1    15
  1.2370390292500161E-01 a       666     0    27     1    16
  1.7690779178410951E-01 a       667     0    27     1    17
 -7.0743832566799836E-02 a       668     0    27     1    18
 -2.5877964380642487E-01 a       669     0    27     1    19
  1.9050849167172854E-01 a       670     0    27     1    20
 -2.2177184078806866E-01 a       671     0    27     1    21
  2.1460164223160250E-01 a       672     0    27     1    22
  1.5919508712990788E-01 a       673     0    27     1    23
  3.6497922815158884E-01 a       674     0    27     1    24
 -2.4706364091571731E-01 a       675     0    27     1    25
 -4.0548041171292452E-02 a       676     0    28     1     1
  9.6891580997904167E-02 a       677     0    28     1     2
  3.7093500682757026E-02 a       678     0    28     1     3
  1.8108083898721689E-01 a       679     0    28     1     4
  2.3024843397304509E-01 a       680     0    28     1     5
 -2.1973312999276728E-01 a       681     0    28     1     6
  4.2788894858926882E-02 a       682     0    28     1     7
 -5.7668394579597312E-02 a       683     0    28     1     8
 -1.0004629761264928E-01 a       684     0    28     1     9
 -1.3902969478851250E-02 a       685     0    28     1    10
 -5.5448542508586225E-02 a       686     0    28     1    11
  9.1962734794183820E-02 a       687     0    28     1    12
  1.0451955346793411E-01 a       688     0    28     1    13
 -4.0523230484785878E-02 a       689     0    28     1    14
  1.0239111930359568E-01 a       690     0    28     1    15
  9.9802833373543870E-02 a       691     0    28     1    16
 -2.1742953951370919E-01 a       692     0    28     1    17
 -1.6007500626655874E-01 a       693     0    28     1    18
  3.1779891013758599E-01 a       694     0    28     1    19
  4.6387664789293206E-03 a       695     0    28     1    20
 -8.7171314597868282E-02 a       696     0    28     1    21
 -1.7644000188077624E-01 a       697     0    28     1    22
 -7.6468249671043362E-02 a       698     0    28     1    23
 -9.0468520438468827E-02 a       699     0    28     1    24
 -5.4139414197949482E-03 a       700     0    28     1    25
  4.3937597937258890E-02 a       701     0    29     1     1
  2.2887142792367299E-01 a       702     0    29     1     2
  1.0260594540920800E-01 a       703     0    29     1     3
  2.4121214070523900E-01 a       704     0    29     1     4
 -5.6626239106968727E-02 a       705     0    29     1     5
 -1.3220374351640712E-01 a       706     0    29     1     6
 -6.9593973225270903E-02 a       707     0    29     1     7
 -3.0963696381818179E-01 a       708     0    29     1     8
  8.2844623088614552E-02 a       709     0    29     1     9
 -2.2606538691911074E-01 a       710     0    29     1    10
  1.7103881253443262E-01 a       711     0    29     1    11
  1.8986291690378471E-01 a       712     0    29     1    12
 -5.5215234692216042E-01 a       713     0    29     1    13
 -3.6970752905147003E-01 a       714     0    29     1    14
  2.0575505006634534E-01 a       715     0    29     1    15
 -2.0967299378393559E-01 a       716     0    29     1    16
  1.2403616570001261E-01 a       717     0    29     1    17
  2.1628517602467096E-01 a       718     0    29     1    18
 -6.9373541548188589E-02 a       719     0    29     1    19
  4.2360262202768767E-01 a       720     0    29     1    20
 -1.7048904780137883E-01 a       721     0    29     1    21
 -2.4616554518562114E-01 a       722     0    29     1    22
 -3.3737094723831718E-01 a       723     0    29     1    23
  6.8329380058844758E-02 a       724     0    29     1    24
  2.5523804989804721E-01 a       725     0    29     1    25
  7.8586355303725000E-02 a       726     0    30     1     1
 -2.6386882784456051E-01 a       727     0    30     1     2
 -8.4947419125420837E-02 a       728     0    30     1     3
  2.0568019612725773E-02 a       729     0    30     1     4
 -9.5518636526129325E-02 a       730     0    30     1     5
  1.8639805641214299E-02 a       731     0    30     1     6
  1.0308167432357312E-01 a       732     0    30     1     7
  1.4402120366749088E-01 a       733     0    30     1     8
 -7.0238546318657337E-03 a       734     0    30     1     9
  7.5543682249247521E-03 a       735     0    30     1    10
 -7.2338593474278526E-03 a       736     0    30     1    11
 -2.8171899152094237E-01 a       737     0    30     1    12
  2.3164511846086602E-01 a       738     0    30     1    13
  1.4701413799624194E-01 a       739     0    30     1    14
 -1.7429139962551995E-01 a       740     0    30     1    15
  6.3117673964178084E-02 a       741     0    30     1    16
  1.2587313506714205E-02 a       742     0    30     1    17
 -9.3542453610847315E-02 a       743     0    30     1    18
 -9.3778218966302784E-02 a       744     0    30     1    19
 -2.2691820450275882E-01 a       745     0    30     1    20
  4.9474273750779796E-01 a       746     0    30     1    21
 -1.1097420481835282E-01 a       747     0    30     1    22
 -1.5312218670535669E-02 a       748     0    30     1    23
 -6.9750026275191224E-02 a       749     0    30     1    24
  2.4449206149372282E-01 a       750     0    30     1    25
 -1.9545646797255434E-01 a       751     0    31     1     1
 -3.2209188608877432E-01 a       752     0    31     1     2
  5.8764612636953240E-01 a       753     0    31     1     3
 -1.2543103318559456E-01 a       754     0    31     1     4
  4.5273032751475512E-02 a       755     0    31     1     5
 -3.9074427230884654E-02 a       756     0    31     1     6
 -2.5979269376588902E-02 a       757     0    31     1     7
 -4.0567432257581137E-01 a       758     0    31     1     8
 -9.8054970584842471E-02 a       759     0    31     1     9
 -4.4461352994942949E-01 a       760     0    31     1    10
 -2.5240003367385822E-01 a       761     0    31     1    11
 -9.2929413922723664E-02 a       762     0    31     1    12
  7.6137722413383929E-02 a       763     0    31     1    13
 -2.9420752211322082E-01 a       764     0    31     1    14
 -2.2535066696493902E-01 a       765     0    31     1    15
 -2.5641468591026884E-01 a       766     0    31     1    16
  2.6298259159146969E-01 a       767     0    31     1    17
 -3.0354604505777300E-01 a       768     0    31     1    18
 -1.0829134399614466E-01 a       769     0    31     1    19
 -9.3595702057296028E-03 a       770     0    31     1    20
 -2.0565354274042247E-01 a       771     0    31     1    21
 -3.1470284591803399E-02 a       772     0    31     1    22
 -4.7438107212394172E-02 a       773     0    31     1    23
 -2.4929384871252541E-01 a       774     0    31     1    24
  2.3020798383746077E-01 a       775     0    31     1    25
  2.9671174652975485E-01 b       776     1     1
 -1.0189350755363759E-01 b       777     1     2
 -9.1575232272410462E-02 b       778     1     3
 -1.9739949392071746E-01 b       779     1     4
 -1.5792288241625349E-01 b       780     1     5
 -1.3557801105992323E-01 b       781     1     6
 -4.5154983178078055E-02 b       782     1     7
  1.4333257745135433E-01 b       783     1     8
  1.7882854065439202E-01 b       784     1     9
 -3.4047284162630120E-01 b       785     1    10
 -5.2831863607095998E-02 b       786     1    11
  3.5153485308457527E-01 b       787     1    12
  2.7165068033936899E-02 b       788     1    13
  2.8016959304385768E-02 b       789     1    14
 -2.5288649853849682E-01 b       790     1    15
  6.6660306533099112E-01 b       791     1    16
  6.6817887292949421E-02 b       792     1    17
 -9.6859354091669389E-02 b       793     1    18
 -2.7494336385066875E-01 b       794     1    19
  2.1274212047817806E-01 b       795     1    20
 -2.5755425763211840E-03 b       796     1    21
  2.5507567811327542E-01 b       797     1    22
 -1.9945698151115292E-02 b       798     1    23
 -9.8386726672884516E-03 b       799     1    24
  2.6896295965698935E-01 b       800     1    25
 -1.3946841110645694E-01 a       801     1     1     2     1
  1.4305062445073952E-01 a       802     1     1     2     2
  1.5641579081467086E-01 a       803     1     1     2     3
 -2.0251349740132804E-01 a       804     1     1     2     4
  3.8550547568812710E-01 a       805     1     1     2     5
 -4.8398098554173374E-01 a       806     1     1     2     6
 -1.5368907566932315E-02 a       807     1     1     2     7
  3.0869342436220271E-01 a       808     1     1     2     8
 -1.9814599042344538E-01 a       809     1     1     2     9
  3.3299590329019378E-02 a       810     1     1     2    10
  4.1123010298808566E-01 a       811     1     1     2    11
  4.5308014606276016E-02 a       812     1     1     2    12
 -2.2878977458208230E-01 a       813     1     1     2    13
  9.5369858968692517E-02 a       814     1     1     2    14
 -4.4109373175378920E-03 a       815     1     1     2    15
 -3.0714390227214378E-01 a       816     1     1     2    16
 -1.2969963574033311E-01 a       817     1     1     2    17
  7.9836199467097167E-03 a       818     1     1     2    18
  5.4455788675688767E-02 a       819     1     1     2    19
  2.1538639031828247E-01 a       820     1     1     2    20
 -1.4406993470618917E-01 a       821     1     1     2    21
  3.3361800596077662E-01 a       822     1     1     2    22
  1.6589209697275986E-01 a       823     1     1     2    23
 -1.6951932543782577E-01 a       824     1     1     2    24
 -8.8360878297042603E-02 a       825     1     1     2    25
  5.0914579438945187E-02 a       826     1     2     2     1
 -3.1417243149567409E-01 a       827     1     2     2     2
 -3.9417404195896288E-01 a       828     1     2     2     3
  4.5426174503532674E-01 a       829     1     2     2     4
  1.6095253486499514E-01 a       830     1     2     2     5
  2.1262658724234848E-01 a       831     1     2     2     6
 -2.8772698131073465E-01 a       832     1     2     2     7
  4.6834414021098969E-01 a       833     1     2     2     8
 -4.4392687192964425E-01 a       834     1     2     2     9
 -1.6617660628484304E-01 a       835     1     2     2    10
 -5.1652976028425279E-01 a       836     1     2     2    11
  3.4710961464011370E-01 a       837     1     2     2    12
  2.4709951281667392E-01 a       838     1     2     2    13
  1.0974184696587193E-01 a       839     1     2     2    14
  1.8845553115574190E-01 a       840     1     2     2    15
  2.2205467211148339E-01 a       841     1     2     2    16
  8.0565380058492758E-02 a       842     1     2     2    17
 -2.7662026900887582E-01 a       843     1     2     2    18
  5.0264016207909623E-01 a       844     1     2     2    19
 -2.9956716566226355E-01 a       845     1     2     2    20
  3.6686592817402097E-01 a       846     1     2     2    21
 -3.7209578236237090E-01 a       847     1     2     2    22
  2.4157544656249466E-01 a       848     1     2     2    23
 -1.0980785355819335E-01 a       849     1     2     2    24
 -3.2124301113430162E-02 a       850     1     2     2    25
 -2.6197947708624852E-01 a       851     1     3     2     1
 -1.2003791887853602E-01 a       852     1     3     2     2
  3.4362372199245728E-01 a       853     1     3     2     3
  1.2108624553606670E-01 a       854     1     3     2     4
  3.1649646429702183E-01 a       855     1     3     2     5
 -8.5036114701935464E-02 a       856     1     3     2     6
 -4.3741881219744755E-01 a       857     1     3     2     7
  1.2597259033627797E-01 a       858     1     3     2     8
  1.9342862482667775E-01 a       859     1     3     2     9
 -2.3726862548928590E-01 a       860     1     3     2    10
 -1.8935344010326319E-01 a       861     1     3     2    11
  1.3109784694457463E-01 a       862     1     3     2    12
  5.2920052557919195E-01 a       863     1     3     2    13
  4.0694268038273157E-01 a       864     1     3     2    14
  1.9332020692125476E-01 a       865     1     3     2    15
  3.1122299806168513E-01 a       866     1     3     2    16
 -3.6845997946976117E-01 a       867     1     3     2    17
  2.7428412675379016E-01 a       868     1     3     2    18
  3.8152719238057864E-01 a       869     1     3     2    19
  1.7365783842603014E-02 a       870     1     3     2    20
 -5.6714852693872581E-02 a       871     1     3     2    21
  3.8620470251659225E-02 a       872     1     3     2    22
 -1.5886618669939283E-02 a       873     1     3     2    23
  3.6241473596229201E-01 a       874     1     3     2    24
  2.3911959603259544E-01 a       875     1     3     2    25
 -2.0705444996073272E-01 a       876     1     4     2     1
 -5.6787683497814184E-02 a       877     1     4     2     2
  8.0176786012264106E-02 a       878     1     4     2     3
 -6.3450843830010972E-01 a       879     1     4     2     4
 -1.2891719549094968E-01 a       880     1     4     2     5
 -3.0464977952854333E-01 a       881     1     4     2     6
  5.8871586135065011E-02 a       882     1     4     2     7
 -3.0627008906978559E-01 a       883     1     4     2     8
  4.0221158203056971E-04 a       884     1     4     2     9
  5.3363791880310485E-02 a       885     1     4     2    10
  1.4494068085451645E-01 a       886     1     4     2    11
 -9.8572299774471836E-02 a       887     1     4     2    12
 -9.7936798634774072E-02 a       888     1     4     2    13
 -1.1473974090903720E-01 a       889     1     4     2    14
  3.0834650599501517E-01 a       890     1     4     2    15
  3.3739865970136762E-01 a       891     1     4     2    16
  3.2064727544437496E-02 a       892     1     4     2    17
 -4.8911847505267489E-02 a       893     1     4     2    18
 -2.9840767007356794E-01 a       894     1     4     2    19
 -3.1185424264974843E-01 a       895     1     4     2    20
 -2.9317102573255893E-01 a       896     1     4     2    21
 -1.9717534612914278E-01 a       897     1     4     2    22
 -8.4215550302283906E-02 a       898     1     4     2    23
 -1.1468914036567683E-01 a       899     1     4     2    24
 -3.9689685210859083E-01 a       900     1     4     2    25
  5.2230194682683993E-02 a       901     1     5     2     1
  8.5702799559735560E-02 a       902     1     5     2     2
 -2.8848369563459497E-01 a       903     1     5     2     3
 -5.5816865339169064E-01 a       904     1     5     2     4
 -3.2861396220039174E-01 a       905     1     5     2     5
  1.3156188458864326E-01 a       906     1     5     2     6
  1.7765936189612891E-01 a       907     1     5     2     7
 -2.2706765363576098E-01 a       908     1     5     2     8
  1.0104013812879589E-01 a       909     1     5     2     9
  3.8715192663348719E-01 a       910     1     5     2    10
  3.9759062937937567E-01 a       911     1     5     2    11
 -4.3036703179738185E-02 a       912     1     5     2    12
 -3.1567850109523876E-01 a       913     1     5     2    13
 -5.7456504334442410E-02 a       914     1     5     2    14
 -4.9333931838281241E-02 a       915     1     5     2    15
 -2.6389346031194472E-01 a       916     1     5     2    16
 -2.9905642906646329E-01 a       917     1     5     2    17
 -1.7991427936937660E-02 a       918     1     5     2    18
 -6.5534610476563115E-01 a       919     1     5     2    19
  1.2523170947683668E-02 a       920     1     5     2    20
  4.8567967462223575E-02 a       921     1     5     2    21
 -2.9016223727043225E-02 a       922     1     5     2    22
 -1.9432742112362628E-01 a       923     1     5     2    23
  1.0130966063520257E-03 a       924     1     5     2    24
 -3.1059757115219105E-01 a       925     1     5     2    25
  3.4192454761316521E-02 a       926     1     6     2     1
 -7.8616342184637172E-02 a       927     1     6     2     2
 -1.2220093776890789E-02 a       928     1     6     2     3
 -3.0946409327095109E-01 a       929     1     6     2     4
  2.5996542800587247E-01 a       930     1     6     2     5
  1.4423066343039206E-01 a       931     1     6     2     6
 -1.2802094792870611E-01 a       932     1     6     2     7
  1.7428903616430594E-01 a       933     1     6     2     8
 -8.8912095842216127E-03 a       934     1     6     2     9
  2.1196394735359528E-01 a       935     1     6     2    10
  1.8510062168134236E-01 a       936     1     6     2    11
 -4.9909995958750308E-01 a       937     1     6     2    12
  1.1831952166293426E-01 a       938     1     6     2    13
  2.0160556540333097E-01 a       939     1     6     2    14
  1.2279579615429946E-01 a       940     1     6     2    15
 -2.8089637972973031E-01 a       941     1     6     2    16
 -4.1080265186217613E-01 a       942     1     6     2    17
  1.0894809076098673E-01 a       943     1     6     2    18
 -1.2643393043111703E-01 a       944     1     6     2    19
  2.9392587602572573E-01 a       945     1     6     2    20
 -1.9505007763748933E-01 a       946     1     6     2    21
  4.4171896622642670E-01 a       947     1     6     2    22
  1.3449364309875686E-01 a       948     1     6     2    23
 -3.4570751544720835E-02 a       949     1     6     2    24
 -3.6508132730815884E-01 a       950     1     6     2    25
 -3.3039290140252681E-01 a       951     1     7     2     1
 -2.4337288680081706E-01 a       952     1     7     2     2
 -3.3557890918650232E-02 a       953     1     7     2     3
 -3.8469635554093035E-01 a       954     1     7     2     4
 -4.0418282759650520E-01 a       955     1     7     2     5
 -4.0195440969954171E-01 a       956     1     7     2     6
 -4.2942884650452678E-02 a       957     1     7     2     7
 -1.2793955478255695E-01 a       958     1     7     2     8
 -4.7556859532563522E-01 a       959     1     7     2     9
 -1.7236530797410801E-01 a       960     1     7     2    10
  2.2466369505541622E-01 a       961     1     7     2    11
 -1.8053177402280030E-01 a       962     1     7     2    12
 -3.2234410330507007E-01 a       963     1     7     2    13
  4.1955462190797405E-01 a       964     1     7     2    14
  1.6124160245487404E-01 a       965     1     7     2    15
 -2.6145859425084517E-01 a       966     1     7     2    16
  3.0171729428902211E-01 a       967     1     7     2    17
  8.3328701978654635E-02 a       968     1     7     2    18
 -1.3973185887902898E-01 a       969     1     7     2    19
 -5.4191609009377993E-03 a       970     1     7     2    20
  3.2728190490144432E-01 a       971     1     7     2    21
  1.7713267818030942E-01 a       972     1     7     2    22
 -2.1069372853803814E-01 a       973     1     7     2    23
 -2.0170527993408000E-01 a       974     1     7     2    24
 -1.8286080005353110E-04 a       975     1     7     2    25
 -3.8340584379842929E-01 a       976     1     8     2     1
 -1.9575527797373615E-01 a       977     1     8     2     2
 -3.1639736686931527E-02 a       978     1     8     2     3
 -2.2183578308209806E-01 a       979     1     8     2     4
  7.7507412858283734E-02 a       980     1     8     2     5
 -5.8927999755837060E-04 a       981     1     8     2     6
 -4.1444182364793825E-01 a       982     1     8     2     7
  3.7428639582446528E-02 a       983     1     8     2     8
 -4.4136636007280466E-01 a       984     1     8     2     9
  2.4091672325119354E-01 a       985     1     8     2    10
  2.6707389533642484E-01 a       986     1     8     2    11
  2.2605339187811382E-01 a       987     1     8     2    12
 -1.2354037561114484E-01 a       988     1     8     2    13
 -6.5532321158550941E-02 a       989     1     8     2    14
  2.5496945553636030E-01 a       990     1     8     2    15
 -6.5793799018757815E-02 a       991     1     8     2    16
  6.7350261001026146E-02 a       992     1     8     2    17
 -2.5551202115329957E-01 a       993     1     8     2    18
 -1.8296686451958072E-01 a       994     1     8     2    19
 -1.9912525349145779E-01 a       995     1     8     2    20
 -2.1660108710735212E-01 a       996     1     8     2    21
 -2.3503047529732427E-01 a       997     1     8     2    22
  9.0685795784178885E-03 a       998     1     8     2    23
 -2.0191551566375676E-01 a       999     1     8     2    24
 -3.0489935135665230E-01 a      1000     1     8     2    25
 -1.6497356483863565E-01 a      1001     1     9     2     1
 -4.7796993470397470E-01 a      1002     1     9     2     2
 -2.1488696461683365E-01 a      1003     1     9     2     3
 -4.0238641064070024E-01 a      1004     1     9     2     4
 -2.0314875104732208E-01 a      1005     1     9     2     5
 -4.4525099784670584E-02 a      1006     1     9     2     6
  4.9066091934195244E-01 a      1007     1     9     2     7
 -2.9696423305263953E-01 a      1008     1     9     2     8
 -3.3094623453372313E-01 a      1009     1     9     2     9
 -2.1670115602842105E-01 a      1010     1     9     2    10
  2.0561076586580468E-01 a      1011     1     9     2    11
 -3.1863611372266071E-01 a      1012     1     9     2    12
 -6.2433672944589874E-02 a      1013     1     9     2    13
  3.6130549446577559E-01 a      1014     1     9     2    14
 -5.0537670351729469E-01 a      1015     1     9     2    15
 -1.5368388399888627E-01 a      1016     1     9     2    16
  6.2788627327346427E-02 a      1017     1     9     2    17
  9.5320129718611674E-02 a      1018     1     9     2    18
 -3.4118735744061698E-02 a      1019     1     9     2    19
  1.3063192222257644E-01 a      1020     1     9     2    20
 -4.2929229901820953E-01 a      1021     1     9     2    21
  1.6262025275190950E-01 a      1022     1     9     2    22
  5.2680290265942331E-01 a      1023     1     9     2    23
 -1.9619779434853601E-01 a      1024     1     9     2    24
 -2.0282061670424251E-01 a      1025     1     9     2    25
  2.5097004942859769E-01 a      1026     1    10     2     1
 -4.6331519792884975E-02 a      1027     1    10     2     2
  3.2917096001017854E-01 a      1028     1    10     2     3
 -5.6688534605458939E-02 a      1029     1    10     2     4
 -5.4197261349481607E-01 a      1030     1    10     2     5
 -3.0614830157674755E-01 a      1031     1    10     2     6
  7.6262303396933351E-02 a      1032     1    10     2     7
 -1.7138665133427292E-01 a      1033     1    10     2     8
  2.1770613340364681E-01 a      1034     1    10     2     9
  2.2342907101951656E-01 a      1035     1    10     2    10
 -2.6926892530638924E-01 a      1036     1    10     2    11
  4.7388141562146902E-01 a      1037     1    10     2    12
 -2.6357072050677144E-01 a      1038     1    10     2    13
  5.9165718541125852E-02 a      1039     1    10     2    14
 -1.7328662477599364E-02 a      1040     1    10     2    15
  1.3150544476505724E-01 a      1041     1    10     2    16
  4.3008675480772154E-02 a      1042     1    10     2    17
  2.5413257770409864E-01 a      1043     1    10     2    18
 -1.5362733020687888E-01 a      1044     1    10     2    19
 -2.1746261610962789E-01 a      1045     1    10     2    20
  1.8852972083898964E-01 a      1046     1    10     2    21
  1.9980544349724247E-01 a      1047     1    10     2    22
  1.2592317603807174E-01 a      1048     1    10     2    23
 -4.0559822471783147E-01 a      1049     1    10     2    24
  4.2405230283051559E-01 a      1050     1    10     2    25
  2.1067612549843037E-01 a      1051     1    11     2     1
 -3.5949697604716302E-01 a      1052     1    11     2     2
 -1.4824074962794015E-01 a      1053     1    11     2     3
  2.4269380588255038E-01 a      1054     1    11     2     4
 -3.4545388918881859E-01 a      1055     1    11     2     5
  1.2106445677710354E-01 a      1056     1    11     2     6
 -2.2502551097975906E-01 a      1057     1    11     2     7
  7.0458462184082816E-03 a      1058     1    11     2     8
 -1.5334714057285387E-01 a      1059     1    11     2     9
 -1.0381934897384971E-01 a      1060     1    11     2    10
 -1.1458710499002112E-01 a      1061     1    11     2    11
 -3.5147441402403813E-02 a      1062     1    11     2    12
  1.7917108021480152E-02 a      1063     1    11     2    13
  4.2040693333767771E-03 a      1064     1    11     2    14
  1.5647975266457956E-01 a      1065     1    11     2    15
  1.2290344915839463E-01 a      1066     1    11     2    16
 -2.0701183258994540E-01 a      1067     1    11     2    17
 -2.3879022442104569E-01 a      1068     1    11     2    18
  9.9602331756035670E-03 a      1069     1    11     2    19
 -4.4564040117101758E-02 a      1070     1    11     2    20
  2.5956226484619477E-01 a      1071     1    11     2    21
  1.1569893122251144E-01 a      1072     1    11     2    22
 -4.6565911677319549E-02 a      1073     1    11     2    23
 -7.8020489735078039E-02 a      1074     1    11     2    24
  3.1529864322580986E-01 a      1075     1    11     2    25
  3.7246335963728766E-01 a      1076     1    12     2     1
 -1.1248075553336906E-01 a      1077     1    12     2     2
  2.2650176825205157E-01 a      1078     1    12     2     3
  3.5240061286962676E-01 a      1079     1    12     2     4
 -8.9557630501499036E-02 a      1080     1    12     2     5
  7.7844248176579867E-02 a      1081     1    12     2     6
 -8.0860659778878213E-02 a      1082     1    12     2     7
 -1.1028199867878391E-01 a      1083     1    12     2     8
  8.6321309249726016E-02 a      1084     1    12     2     9
 -1.5307277765284814E-03 a      1085     1    12     2    10
 -3.6270702222531100E-02 a      1086     1    12     2    11
 -8.9795040446059488E-02 a      1087     1    12     2    12
 -1.9769528922044752E-01 a      1088     1    12     2    13
 -1.4668508839324618E-01 a      1089     1    12     2    14
  1.4709957006452279E-01 a      1090     1    12     2    15
 -5.2716005087687312E-01 a      1091     1    12     2    16
  2.5069165016201263E-02 a      1092     1    12     2    17
 -2.5726968755055490E-01 a      1093     1    12     2    18
 -4.4005625618599104E-03 a      1094     1    12     2    19
 -1.6524940830600296E-01 a      1095     1    12     2    20
 -1.1650511443030259E-01 a      1096     1    12     2    21
 -4.5980716021186430E-01 a      1097     1    12     2    22
  3.2088201285296014E-01 a      1098     1    12     2    23
 -3.7766294364029074E-01 a      1099     1    12     2    24
  3.2277546387759343E-01 a      1100     1    12     2    25
 -1.9874214019573166E-01 a      1101     1    13     2     1
  6.2746584373604655E-02 a      1102     1    13     2     2
 -3.1063999272019083E-02 a      1103     1    13     2     3
  8.5480045008825806E-02 a      1104     1    13     2     4
  1.8114301690706561E-01 a      1105     1    13     2     5
 -4.0347978264372480E-01 a      1106     1    13     2     6
 -2.1653293679849941E-01 a      1107     1    13     2     7
  2.1024810131822480E-01 a      1108     1    13     2     8
 -1.8599773442514711E-01 a      1109     1    13     2     9
 -1.0265994018794480E-01 a      1110     1    13     2    10
  1.0998208189277184E-01 a      1111     1    13     2    11
  3.9223222669959656E-01 a      1112     1    13     2    12
 -6.7440830602167823E-02 a      1113     1    13     2    13
  8.3047283972816615E-03 a      1114     1    13     2    14
  1.7709548777237888E-01 a      1115     1    13     2    15
 -2.1798161989666467E-01 a      1116     1    13     2    16
  1.9649097955688692E-02 a      1117     1    13     2    17
  2.4478479427572306E-01 a      1118     1    13     2    18
  2.9783998092208513E-01 a      1119     1    13     2    19
  2.5250772994103449E-01 a      1120     1    13     2    20
 -1.0898104949324630E-01 a      1121     1    13     2    21
 -2.5274401131387159E-01 a      1122     1    13     2    22
 -1.0239689541680654E-01 a      1123     1    13     2    23
 -5.7229860277472039E-02 a      1124     1    13     2    24
  9.1085710751766732E-02 a      1125     1    13     2    25
  1.0540819629653152E-01 a      1126     1    14     2     1
 -2.1074983056991420E-01 a      1127     1    14     2     2
  1.9551215371941147E-01 a      1128     1    14     2     3
  8.1984321674802102E-02 a      1129     1    14     2     4
 -1.5347238993991522E-01 a      1130     1    14     2     5
  4.4189661685088327E-01 a      1131     1    14     2     6
 -1.9228900138739025E-01 a      1132     1    14     2     7
 -2.4184276131899732E-01 a      1133     1    14     2     8
 -2.9491550743841249E-01 a      1134     1    14     2     9
  7.9662982843976368E-02 a      1135     1    14     2    10
 -3.5695241078363227E-01 a      1136     1    14     2    11
  1.1394177266576286E-01 a      1137     1    14     2    12
 -1.0636118453121628E-01 a      1138     1    14     2    13
  3.0236827801149352E-01 a      1139     1    14     2    14
 -4.4591984777718430E-01 a      1140     1    14     2    15
  1.0465558865425173E-01 a      1141     1    14     2    16
  2.4337310681171639E-01 a      1142     1    14     2    17
 -3.3255955269191734E-01 a      1143     1    14     2    18
  1.8642470921930573E-01 a      1144     1    14     2    19
  4.7233425727746997E-01 a      1145     1    14     2    20
 -1.4152891064427112E-01 a      1146     1    14     2    21
  1.8107471302615996E-01 a      1147     1    14     2    22
 -8.4929578897912673E-03 a      1148     1    14     2    23
 -1.0269872189108284E-02 a      1149     1    14     2    24
  8.9479327618803797E-02 a      1150     1    14     2    25
 -4.8604294959273353E-01 a      1151     1    15     2     1
 -3.8623023479293903E-02 a      1152     1    15     2     2
 -3.1057145230235012E-01 a      1153     1    15     2     3
 -4.0471515917803197E-01 a      1154     1    15     2     4
 -1.5405768495957819E-01 a      1155     1    15     2     5
 -4.6011819238603557E-01 a      1156     1    15     2     6
 -4.2611713197195991E-02 a      1157     1    15     2     7
  7.5075367497132173E-01 a      1158     1    15     2     8
 -2.6188693153924336E-01 a      1159     1    15     2     9
  5.3685850624344798E-02 a      1160     1    15     2    10
  3.1052691293700846E-01 a      1161     1    15     2    11
  4.5070792003623328E-01 a      1162     1    15     2    12
  6.8927666573995752E-02 a      1163     1    15     2    13
  2.5818075484955449E-01 a      1164     1    15     2    14
  4.1937131154143881E-01 a      1165     1    15     2    15
  2.5593318591304159E-02 a      1166     1    15     2    16
 -4.0705077170773274E-01 a      1167     1    15     2    17
  3.3380608824774155E-01 a      1168     1    15     2    18
 -4.5214889351078827E-02 a      1169     1    15     2    19
  3.6866393653851354E-01 a      1170     1    15     2    20
  6.4598428351525294E-01 a      1171     1    15     2    21
 -3.9615001617842403E-03 a      1172     1    15     2    22
  1.3738407799972904E-01 a      1173     1    15     2    23
  5.6590865057383262E-02 a      1174     1    15     2    24
 -2.2491370111034564E-01 a      1175     1    15     2    25
 -2.0001888795562608E-01 a      1176     1    16     2     1
  4.0033201121298112E-01 a      1177     1    16     2     2
 -2.7793155973602035E-01 a      1178     1    16     2     3
  7.4500048783105621E-01 a      1179     1    16     2     4
 -5.5283296674805381E-02 a      1180     1    16     2     5
  2.3887561947745836E-01 a      1181     1    16     2     6
  5.6702687993583334E-01 a      1182     1    16     2     7
  3.6117241639466599E-02 a      1183     1    16     2     8
 -4.8049893962074997E-01 a      1184     1    16     2     9
 -2.0890571786777812E-01 a      1185     1    16     2    10
  2.4738619031729048E-01 a      1186     1    16     2    11
 -2.6008658749541591E-01 a      1187     1    16     2    12
  4.0318295889318145E-01 a      1188     1    16     2    13
 -3.8350384039502061E-01 a      1189     1    16     2    14
  5.5214707416730402E-02 a      1190     1    16     2    15
 -3.1136910733145984E-01 a      1191     1    16     2    16
  1.0306984337604647E-01 a      1192     1    16     2    17
 -4.4298093656765775E-01 a      1193     1    16     2    18
  1.4996407262199474E-01 a      1194     1    16     2    19
 -4.8210149108747408E-01 a      1195     1    16     2    20
 -3.1820731780973249E-01 a      1196     1    16     2    21
 -2.3432499546377850E-01 a      1197     1    16     2    22
  7.8987177534788379E-03 a      1198     1    16     2    23
 -5.5528812499309654E-01 a      1199     1    16     2    24
  7.3194356045988862E-01 a      1200     1    16     2    25
  2.9708236327661858E-01 a      1201     1    17     2     1
 -1.9678626230011689E-01 a      1202     1    17     2     2
 -1.2326335394162534E-01 a      1203     1    17     2     3
 -9.2293104601840814E-02 a      1204     1    17     2     4
  3.1050789239250426E-01 a      1205     1    17     2     5
  3.3926879311969710E-01 a      1206     1    17     2     6
  4.3302824754046731E-02 a      1207     1    17     2     7
 -3.9120854372425995E-01 a      1208     1    17     2     8
 -3.5682334760116152E-01 a      1209     1    17     2     9
 -1.8082756945746742E-01 a      1210     1    17     2    10
 -8.3069458142173341E-02 a      1211     1    17     2    11
 -1.2367858284902990E-01 a      1212     1    17     2    12
 -1.9721071007644489E-01 a      1213     1    17     2    13
  1.3613381720133125E-01 a      1214     1    17     2    14
 -4.7384178724545365E-03 a      1215     1    17     2    15
 -4.1287928310895733E-01 a      1216     1    17     2    16
  8.8499594327043837E-02 a      1217     1    17     2    17
 -2.3899102015213575E-01 a      1218     1    17     2    18
 -3.3553515769048903E-01 a      1219     1    17     2    19
  2.2593310302488588E-03 a      1220     1    17     2    20
 -3.8417238428644312E-01 a      1221     1    17     2    21
 -2.5124412348368097E-01 a      1222     1    17     2    22
 -1.4207859478382145E-01 a      1223     1    17     2    23
 -1.3408415667514814E-01 a      1224     1    17     2    24
 -1.3745098867314794E-02 a      1225     1    17     2    25
  6.2855127675789532E-02 a      1226     1    18     2     1
 -5.2186731088728988E-01 a      1227     1    18     2     2
  1.2660213440042861E-01 a      1228     1    18     2     3
  1.4710238378604934E-01 a      1229     1    18     2     4
 -3.3863731815912068E-01 a      1230     1    18     2     5
 -2.5554154836776305E-01 a      1231     1    18     2     6
  7.6100095578056068E-02 a      1232     1    18     2     7
 -5.3654669867801641E-01 a      1233     1    18     2     8
  2.9598562972076253E-01 a      1234     1    18     2     9
  2.0365759088061558E-01 a      1235     1    18     2    10
  1.1172862006481547E-01 a      1236     1    18     2    11
 -1.8206060590570192E-01 a      1237     1    18     2    12
  5.7443781172451448E-02 a      1238     1    18     2    13
  2.4666258162466756E-01 a      1239     1    18     2    14
 -1.6136565833253494E-01 a      1240     1    18     2    15
 -1.7855259138576693E-01 a      1241     1    18     2    16
  1.4578990973322487E-01 a      1242     1    18     2    17
  2.4486091680586380E-01 a      1243     1    18     2    18
  3.8152912183414150E-01 a      1244     1    18     2    19
  2.0622943594118093E-01 a      1245     1    18     2    20
  1.1537509682020984E-01 a      1246     1    18     2    21
  3.7050372346947295E-02 a      1247     1    18     2    22
  1.8725052022743910E-02 a      1248     1    18     2    23
  4.4345952907739411E-01 a      1249     1    18     2    24
  3.1215533447579652E-01 a      1250     1    18     2    25
 -1.2060122908270335E-01 a      1251     1    19     2     1
  4.3161089288193777E-01 a      1252     1    19     2     2
  5.1831860013356830E-02 a      1253     1    19     2     3
 -7.1913214692265817E-02 a      1254     1    19     2     4
  1.4751141243100268E-02 a      1255     1    19     2     5
  6.4524275154791866E-02 a      1256     1    19     2     6
  2.1738487263477421E-01 a      1257     1    19     2     7
 -1.5095271541192667E-01 a      1258     1    19     2     8
 -1.3675956829190825E-01 a      1259     1    19     2     9
  8.0836364352229656E-02 a      1260     1    19     2    10
  5.1602041394065740E-02 a      1261     1    19     2    11
 -2.4250625768959766E-01 a      1262     1    19     2    12
 -2.9858543888961608E-01 a      1263     1    19     2    13
  3.4492395213394300E-01 a      1264     1    19     2    14
 -3.8178276987491233E-01 a      1265     1    19     2    15
  1.5566778371830026E-01 a      1266     1    19     2    16
  2.7666640000113013E-01 a      1267     1    19     2    17
  1.4073464858485224E-01 a      1268     1    19     2    18
 -3.4048445836235543E-02 a      1269     1    19     2    19
  3.1246766659826636E-01 a      1270     1    19     2    20
  2.0186980083540185E-01 a      1271     1    19     2    21
 -3.7556010947915781E-02 a      1272     1    19     2    22
 -2.5552368856060309E-01 a      1273     1    19     2    23
  1.5330040063972327E-02 a      1274     1    19     2    24
 -6.8471043621875949E-02 a      1275     1    19     2    25
  5.5678471978425369E-02 a      1276     1    20     2     1
  2.8945241638857466E-01 a      1277     1    20     2     2
 -2.4566116315335482E-02 a      1278     1    20     2     3
  7.6808365309928595E-01 a      1279     1    20     2     4
 -1.0491990422237367E-03 a      1280     1    20     2     5
  2.3995967176652597E-01 a      1281     1    20     2     6
 -2.0093527055388222E-01 a      1282     1    20     2     7
  5.1014637370996541E-02 a      1283     1    20     2     8
 -6.6107027678970726E-02 a      1284     1    20     2     9
  1.3716801083926550E-01 a      1285     1    20     2    10
 -5.7943447449523677E-01 a      1286     1    20     2    11
  9.7028804718742284E-02 a      1287     1    20     2    12
  1.9626382011809021E-01 a      1288     1    20     2    13
  5.2734482570288697E-02 a      1289     1    20     2    14
  4.1734986019682244E-02 a      1290     1    20     2    15
 -5.6946737116726296E-03 a      1291     1    20     2    16
 -1.3581425259499988E-01 a      1292     1    20     2    17
 -4.5795527516741213E-01 a      1293     1    20     2    18
  3.2439664643267463E-01 a      1294     1    20     2    19
  3.6780344518036606E-02 a      1295     1    20     2    20
  2.5634396829327805E-01 a      1296     1    20     2    21
  6.2614835220364304E-02 a      1297     1    20     2    22
 -4.2499155968627067E-01 a      1298     1    20     2    23
 -3.9209783334450471E-03 a      1299     1    20     2    24
  4.8109819551827587E-01 a      1300     1    20     2    25
  3.8203697956325354E-02 a      1301     1    21     2     1
 -2.0763756974905889E-01 a      1302     1    21     2     2
  1.8589467973913315E-01 a      1303     1    21     2     3
 -4.4189816032248613E-02 a      1304     1    21     2     4
 -3.6854098055254708E-01 a      1305     1    21     2     5
 -3.6549970983685159E-01 a      1306     1    21     2     6
 -2.3962401706740112E-02 a      1307     1    21     2     7
  8.4439196485909765E-02 a      1308     1    21     2     8
  3.2039187474187952E-01 a      1309     1    21     2     9
 -1.0304346778426116E-01 a      1310     1    21     2    10
  6.5237142063048703E-02 a      1311     1    21     2    11
 -6.5029853072011201E-02 a      1312     1    21     2    12
  2.2855517794187397E-01 a      1313     1    21     2    13
 -1.7468106575879924E-02 a      1314     1    21     2    14
  3.7804266528296875E-02 a      1315     1    21     2    15
 -2.0473164607753441E-01 a      1316     1    21     2    16
 -1.4242073208894296E-01 a      1317     1    21     2    17
 -4.0897410348914276E-01 a      1318     1    21     2    18
  4.3785170401304890E-02 a      1319     1    21     2    19
  4.7120341884133422E-02 a      1320     1    21     2    20
  1.4670349145207542E-01 a      1321     1    21     2    21
 -4.1265861172915412E-02 a      1322     1    21     2    22
 -1.0152682484004041E-02 a      1323     1    21     2    23
 -4.2237779044193879E-01 a      1324     1    21     2    24
  2.1991700688965041E-01 a      1325     1    21     2    25
  2.1182165095716346E-01 a      1326     1    22     2     1
 -3.8815255721230568E-01 a      1327     1    22     2     2
 -2.6386162002244223E-01 a      1328     1    22     2     3
  1.0618047306288245E-01 a      1329     1    22     2     4
  1.2962730441560003E-01 a      1330     1    22     2     5
 -3.4218958790335319E-02 a      1331     1    22     2     6
  2.6248980862168442E-01 a      1332     1    22     2     7
 -1.2519921692558419E-01 a      1333     1    22     2     8
  1.2644192285155656E-01 a      1334     1    22     2     9
 -3.2151252987868023E-01 a      1335     1    22     2    10
  5.0395683197019414E-01 a      1336     1    22     2    11
  1.4885225740518901E-01 a      1337     1    22     2    12
 -1.6293609478296969E-01 a      1338     1    22     2    13
 -4.8533439988265992E-01 a      1339     1    22     2    14
  4.8328404572291211E-01 a      1340     1    22     2    15
 -1.1192600137960892E-01 a      1341     1    22     2    16
  1.0398005175563605E-02 a      1342     1    22     2    17
  2.0418089889743092E-02 a      1343     1    22     2    18
  3.6991609931371273E-02 a      1344     1    22     2    19
 -4.0895974133801172E-01 a      1345     1    22     2    20
  1.6293657472197720E-01 a      1346     1    22     2    21
  2.1607134510948523E-02 a      1347     1    22     2    22
 -1.2807045806290995E-01 a      1348     1    22     2    23
  2.0609200548938023E-01 a      1349     1    22     2    24
 -1.3101495572653407E-01 a      1350     1    22     2    25
  1.3208884216232267E-01 a      1351     1    23     2     1
 -4.6976347098398941E-01 a      1352     1    23     2     2
  8.2924248958400490E-02 a      1353     1    23     2     3
 -1.8768185464462250E-01 a      1354     1    23     2     4
  4.8685095608541916E-02 a      1355     1    23     2     5
  3.2254685049539156E-01 a      1356     1    23     2     6
  2.7628565035745911E-01 a      1357     1    23     2     7
 -8.8454629165213475E-02 a      1358     1    23     2     8
  6.1909052101432505E-01 a      1359     1    23     2     9
 -4.4906720861869459E-01 a      1360     1    23     2    10
 -4.3164123985155034E-01 a      1361     1    23     2    11
  1.3113798117169984E-01 a      1362     1    23     2    12
 -2.4968858572343941E-01 a      1363     1    23     2    13
  6.2566114666309652E-02 a      1364     1    23     2    14
 -2.0023008731404826E-01 a      1365     1    23     2    15
  3.0299478570385435E-01 a      1366     1    23     2    16
 -2.3264463856854936E-01 a      1367     1    23     2    17
 -1.3564422361625977E-01 a      1368     1    23     2    18
 -1.2977669253661511E-01 a      1369     1    23     2    19
  3.4059868579978496E-02 a      1370     1    23     2    20
 -1.4982707526651362E-01 a      1371     1    23     2    21
 -3.5341866053735799E-01 a      1372     1    23     2    22
 -3.2167000359150427E-01 a      1373     1    23     2    23
  1.8401533436904216E-01 a      1374     1    23     2    24
 -3.3278771710017679E-01 a      1375     1    23     2    25
 -2.6198308801808262E-02 a      1376     1    24     2     1
  2.8985235318954317E-01 a      1377     1    24     2     2
  2.5923621369037320E-01 a      1378     1    24     2     3
 -3.9298990202864592E-01 a      1379     1    24     2     4
 -1.1793375380795647E-01 a      1380     1    24     2     5
  4.1694199702404089E-01 a      1381     1    24     2     6
 -3.7361589676345935E-01 a      1382     1    24     2     7
  2.6892876545385436E-01 a      1383     1    24     2     8
  1.5564207143780165E-01 a      1384     1    24     2     9
 -1.7212905219277197E-01 a      1385     1    24     2    10
 -9.0186784248240393E-02 a      1386     1    24     2    11
  1.9593887139346958E-01 a      1387     1    24     2    12
  2.4884259097341979E-01 a      1388     1    24     2    13
 -1.9027547369711843E-02 a      1389     1    24     2    14
 -1.5753336051776343E-01 a      1390     1    24     2    15
  1.6590534183314673E-01 a      1391     1    24     2    16
  2.7833540889400454E-01 a      1392     1    24     2    17
 -3.2167213364981323E-01 a      1393     1    24     2    18
  1.1958610470551008E-01 a      1394     1    24     2    19
  3.3403690641389711E-01 a      1395     1    24     2    20
 -1.5492247945244936E-01 a      1396     1    24     2    21
 -1.6774862312586469E-01 a      1397     1    24     2    22
  1.9531932023954429E-01 a      1398     1    24     2    23
 -5.1973273395014882E-02 a      1399     1    24     2    24
 -5.1935353532617412E-01 a      1400     1    24     2    25
  4.8843167431794937E-01 a      1401     1    25     2     1
  2.6034723869383264E-01 a      1402     1    25     2     2
 -8.3882095330867296E-02 a      1403     1    25     2     3
  3.9707575914407539E-01 a      1404     1    25     2     4
  1.5306809128554302E-01 a      1405     1    25     2     5
 -6.8249443260307687E-03 a      1406     1    25     2     6
  2.3931124795871109E-01 a      1407     1    25     2     7
 -4.5400127909378896E-01 a      1408     1    25     2     8
 -2.1384642368824031E-01 a      1409     1    25     2     9
  1.4793496021931665E-01 a      1410     1    25     2    10
  2.6464789267081679E-01 a      1411     1    25     2    11
  2.4983668383182014E-02 a      1412     1    25     2    12
 -3.2780680884980329E-01 a      1413     1    25     2    13
 -8.7997889282720482E-02 a      1414     1    25     2    14
 -1.3400005481022811E-01 a      1415     1    25     2    15
 -1.5399679579369580E-01 a      1416     1    25     2    16
  3.0353324585908376E-01 a      1417     1    25     2    17
  3.4350178669471099E-01 a      1418     1    25     2    18
  2.7294594014668094E-01 a      1419     1    25     2    19
 -3.6431526457836505E-01 a      1420     1    25     2    20
 -7.6564207707902798E-01 a      1421     1    25     2    21
 -1.6920776619850356E-01 a      1422     1    25     2    22
  3.4568668100553279E-01 a      1423     1    25     2    23
  1.8264443936234986E-01 a      1424     1    25     2    24
  6.9394318781960385E-01 a      1425     1    25     2    25
  1.4971792992259902E-01 b      1426     2     1
 -2.9932030142424577E-02 b      1427     2     2
 -8.2394045803544369E-01 b      1428     2     3
 -4.2923313153469517E-01 b      1429     2     4
  3.8427583558982187E-01 b      1430     2     5
  4.3351121426993833E-01 b      1431     2     6
  3.8701667796089162E-01 b      1432     2     7
 -8.1258201082735104E-01 b      1433     2     8
  3.6301292930273910E-01 b      1434     2     9
  1.7706294611095433E-01 b      1435     2    10
  3.1493369232020479E-01 b      1436     2    11
  1.7201665211995359E-01 b      1437     2    12
 -6.9554165252720929E-02 b      1438     2    13
  5.4954763510486404E-01 b      1439     2    14
  2.2888424107687413E-01 b      1440     2    15
  1.9480439836634517E-02 b      1441     2    16
  4.1529541096317968E-01 b      1442     2    17
 -4.3833665574250551E-02 b      1443     2    18
  2.0542432127575441E-03 b      1444     2    19
 -5.3023090729029732E-01 b      1445     2    20
  4.0352320023582500E-01 b      1446     2    21
  2.6881740160483638E-02 b      1447     2    22
 -1.0703837657758922E-01 b      1448     2    23
  3.0179970149456348E-01 b      1449     2    24
  6.0656758941762923E-01 b      1450     2    25
 -6.1795216902973904E-01 a      1451     2     1     3     1
  1.0085468254874717E-01 a      1452     2     2     3     1
  8.4234401241839996E-01 a      1453     2     3     3     1
  7.1144973706729986E-01 a      1454     2     4     3     1
 -1.0698854597996279E+00 a      1455     2     5     3     1
 -8.7026713167090830E-01 a      1456     2     6     3     1
 -3.8430036789655725E-01 a      1457     2     7     3     1
  7.7539588617973243E-01 a      1458     2     8     3     1
 -5.5329406381848212E-01 a      1459     2     9     3     1
 -1.6942154396223369E-01 a      1460     2    10     3     1
 -8.3647738127518378E-01 a      1461     2    11     3     1
 -3.8404975529299934E-01 a      1462     2    12     3     1
 -7.1588139010771809E-02 a      1463     2    13     3     1
 -9.2202276266585925E-01 a      1464     2    14     3     1
 -4.3104277983353245E-01 a      1465     2    15     3     1
 -5.1928615363419039E-01 a      1466     2    16     3     1
 -8.1909690872357588E-01 a      1467     2    17     3     1
  1.7095564063514601E-01 a      1468     2    18     3     1
 -7.6785864163818474E-01 a      1469     2    19     3     1
  1.1877355258417481E+00 a      1470     2    20     3     1
 -4.7475711028254158E-01 a      1471     2    21     3     1
 -2.1398446274227087E-01 a      1472     2    22     3     1
  2.6096386552573680E-01 a      1473     2    23     3     1
  3.8595849165637669E-01 a      1474     2    24     3     1
 -1.3240874807650935E+00 a      1475     2    25     3     1
 -1.0761556360547344E+00 b      1476     3     1
